[[[
0.0021762494
, 
0.217624947
, 
], 
[
0.00226435019
, 
0.226434976
, 
], 
[
0.0023518
, 
0.23518
, 
], 
[
0.00243703625
, 
0.243703619
, 
], 
[
0.00253033917
, 
0.253033906
, 
], 
[
0.00252531841
, 
0.252531856
, 
], 
[
0.00251058559
, 
0.251058578
, 
], 
[
0.00245518168
, 
0.245518178
, 
], 
[
0.00237701694
, 
0.237701669
, 
], 
[
0.00231985678
, 
0.231985673
, 
], 
[
0.00219266093
, 
0.219266087
, 
], 
[
0.00213969033
, 
0.213969052
, 
], 
[
0.00201581279
, 
0.201581329
, 
], 
[
0.00194952602
, 
0.194952592
, 
], 
[
0.00187362311
, 
0.187362328
, 
], 
[
0.00178533385
, 
0.17853339
, 
], 
[
0.00177373574
, 
0.177373558
, 
], 
[
0.0017149708
, 
0.171497092
, 
], 
[
0.00169256132
, 
0.169256121
, 
], 
[
0.00165748538
, 
0.165748566
, 
], 
[
0.00161818392
, 
0.1618184
, 
], 
[
0.00160578627
, 
0.160578623
, 
], 
[
0.00158752617
, 
0.158752605
, 
], 
[
0.00152614166
, 
0.152614191
, 
], 
[
0.0015380393
, 
0.153803959
, 
], 
[
0.00150195777
, 
0.150195807
, 
], 
[
0.00147149141
, 
0.147149146
, 
], 
[
0.00144260924
, 
0.144260913
, 
], 
[
0.00140314375
, 
0.140314355
, 
], 
[
0.00136028929
, 
0.136028931
, 
], 
[
0.00132353883
, 
0.132353887
, 
], 
[
0.00128873519
, 
0.128873527
, 
], 
[
0.00125424669
, 
0.125424668
, 
], 
[
0.00121765258
, 
0.121765256
, 
], 
[
0.00120866706
, 
0.120866731
, 
], 
[
0.0011733789
, 
0.117337883
, 
], 
[
0.0011400996
, 
0.114009954
, 
], 
[
0.00111199892
, 
0.111199893
, 
], 
[
0.00110536802
, 
0.110536806
, 
], 
[
0.00108654716
, 
0.108654737
, 
], 
[
0.00107037253
, 
0.107037261
, 
], 
[
0.00105574832
, 
0.105574824
, 
], 
[
0.001039344
, 
0.1039344
, 
], 
[
0.0010192265
, 
0.101922639
, 
], 
[
0.00102634693
, 
0.102634713
, 
], 
[
0.000999301206
, 
0.099930115
, 
], 
[
0.000996401766
, 
0.0996401832
, 
], 
[
0.000973326794
, 
0.0973326862
, 
], 
[
0.000951277267
, 
0.0951277092
, 
], 
[
0.000942605955
, 
0.0942606
, 
], 
[
0.000961975777
, 
0.0961975679
, 
], 
[
0.000928564696
, 
0.0928564891
, 
], 
[
0.000908352726
, 
0.0908352658
, 
], 
[
0.000901835505
, 
0.0901835412
, 
], 
[
0.000889783085
, 
0.0889783
, 
], 
[
0.00086403673
, 
0.0864036754
, 
], 
[
0.000878161634
, 
0.0878161639
, 
], 
[
0.000865430688
, 
0.0865430757
, 
], 
[
0.000866415096
, 
0.0866415277
, 
], 
[
0.000858505431
, 
0.0858505592
, 
], 
[
0.000867007067
, 
0.08670073
, 
], 
[
0.000849028642
, 
0.0849028751
, 
], 
[
0.000843577727
, 
0.0843577683
, 
], 
[
0.000864455476
, 
0.0864455402
, 
], 
[
0.000869825832
, 
0.086982578
, 
], 
[
0.000862119603
, 
0.086211957
, 
], 
[
0.000849422242
, 
0.0849422142
, 
], 
[
0.000868891831
, 
0.0868891627
, 
], 
[
0.00086064497
, 
0.0860644802
, 
], 
[
0.000884721871
, 
0.0884721875
, 
], 
[
0.000881606305
, 
0.0881606191
, 
], 
[
0.000895906647
, 
0.0895906761
, 
], 
[
0.000904711604
, 
0.0904711485
, 
], 
[
0.000915254524
, 
0.0915254578
, 
], 
[
0.000937003177
, 
0.0937003195
, 
], 
[
0.000945622567
, 
0.0945622772
, 
], 
[
0.000941542676
, 
0.0941542462
, 
], 
[
0.000965244428
, 
0.0965244398
, 
], 
[
0.000975341711
, 
0.0975341648
, 
], 
[
0.000985066639
, 
0.0985066593
, 
], 
[
0.00100920931
, 
0.100920931
, 
], 
[
0.00103418098
, 
0.103418089
, 
], 
[
0.00103775878
, 
0.103775881
, 
], 
[
0.00104052201
, 
0.104052193
, 
], 
[
0.00108953868
, 
0.108953878
, 
], 
[
0.00109518983
, 
0.10951899
, 
], 
[
0.00110570295
, 
0.110570297
, 
], 
[
0.00113470561
, 
0.113470577
, 
], 
[
0.00115189562
, 
0.115189552
, 
], 
[
0.00117375096
, 
0.117375091
, 
], 
[
0.00118095789
, 
0.118095778
, 
], 
[
0.00120972015
, 
0.120972022
, 
], 
[
0.00121853687
, 
0.121853687
, 
], 
[
0.00124156859
, 
0.124156848
, 
], 
[
0.00124731287
, 
0.124731272
, 
], 
[
0.00128769933
, 
0.128769919
, 
], 
[
0.00129522011
, 
0.129522
, 
], 
[
0.00131890632
, 
0.131890625
, 
], 
[
0.00134002871
, 
0.134002849
, 
], 
[
0.00136776885
, 
0.136776894
, 
], 
], [[
0.00141178386
, 
0.141178384
, 
], 
[
0.00141387444
, 
0.141387448
, 
], 
[
0.00145353656
, 
0.145353675
, 
], 
[
0.00146049156
, 
0.146049172
, 
], 
[
0.00147466152
, 
0.147466138
, 
], 
[
0.00149878138
, 
0.149878129
, 
], 
[
0.00152081915
, 
0.152081937
, 
], 
[
0.00154845603
, 
0.154845595
, 
], 
[
0.00153736153
, 
0.153736189
, 
], 
[
0.00156274834
, 
0.156274825
, 
], 
[
0.00161066407
, 
0.161066443
, 
], 
[
0.00164018979
, 
0.164018974
, 
], 
[
0.00165411038
, 
0.16541104
, 
], 
[
0.00165954581
, 
0.165954575
, 
], 
[
0.00167983607
, 
0.167983606
, 
], 
[
0.00173526909
, 
0.173526928
, 
], 
[
0.00173964014
, 
0.173964038
, 
], 
[
0.00176210713
, 
0.176210701
, 
], 
[
0.00176379597
, 
0.176379576
, 
], 
[
0.00181119132
, 
0.181119159
, 
], 
[
0.00181272661
, 
0.181272686
, 
], 
[
0.00181398937
, 
0.181398898
, 
], 
[
0.00182630983
, 
0.182630986
, 
], 
[
0.00186119345
, 
0.186119348
, 
], 
[
0.00189840258
, 
0.189840272
, 
], 
[
0.00187323464
, 
0.187323451
, 
], 
[
0.00189207552
, 
0.189207569
, 
], 
[
0.00192139426
, 
0.192139402
, 
], 
[
0.00189978071
, 
0.189978108
, 
], 
[
0.00192651036
, 
0.192651019
, 
], 
[
0.00192348531
, 
0.19234851
, 
], 
[
0.00196795375
, 
0.196795389
, 
], 
[
0.0019216669
, 
0.192166671
, 
], 
[
0.00193741219
, 
0.193741247
, 
], 
[
0.00194332132
, 
0.194332153
, 
], 
[
0.00194737373
, 
0.194737345
, 
], 
[
0.00193861115
, 
0.193861142
, 
], 
[
0.00196076883
, 
0.196076885
, 
], 
[
0.00193821371
, 
0.193821386
, 
], 
[
0.00193312892
, 
0.193312913
, 
], 
[
0.00194433972
, 
0.194433972
, 
], 
[
0.00192909432
, 
0.192909434
, 
], 
[
0.00195070636
, 
0.195070639
, 
], 
[
0.00193529984
, 
0.193529978
, 
], 
[
0.0018967248
, 
0.18967247
, 
], 
[
0.00194584427
, 
0.194584429
, 
], 
[
0.00191939145
, 
0.19193916
, 
], 
[
0.00189946417
, 
0.189946413
, 
], 
[
0.00188644452
, 
0.188644484
, 
], 
[
0.00188186194
, 
0.188186213
, 
], 
[
0.0018549345
, 
0.185493454
, 
], 
[
0.00188349537
, 
0.18834956
, 
], 
[
0.00185787398
, 
0.185787424
, 
], 
[
0.00184754247
, 
0.184754252
, 
], 
[
0.00182394427
, 
0.18239443
, 
], 
[
0.0018268131
, 
0.182681307
, 
], 
[
0.00179289049
, 
0.179289073
, 
], 
[
0.00182537374
, 
0.182537377
, 
], 
[
0.00181168108
, 
0.181168109
, 
], 
[
0.0018342851
, 
0.183428526
, 
], 
[
0.00179128069
, 
0.179128081
, 
], 
[
0.00176546234
, 
0.176546231
, 
], 
[
0.00177202583
, 
0.177202597
, 
], 
[
0.00176782697
, 
0.176782712
, 
], 
[
0.0017586163
, 
0.175861612
, 
], 
[
0.00175767252
, 
0.175767273
, 
], 
[
0.00174061547
, 
0.174061537
, 
], 
[
0.00176270457
, 
0.17627044
, 
], 
[
0.00172463118
, 
0.172463119
, 
], 
[
0.00173177442
, 
0.173177436
, 
], 
[
0.00171835732
, 
0.171835735
, 
], 
[
0.00176072179
, 
0.176072136
, 
], 
[
0.00174061162
, 
0.174061149
, 
], 
[
0.00169918546
, 
0.169918537
, 
], 
[
0.00172578357
, 
0.172578365
, 
], 
[
0.00172004045
, 
0.172004044
, 
], 
[
0.00171184749
, 
0.171184778
, 
], 
[
0.00170912035
, 
0.170912027
, 
], 
[
0.00169934449
, 
0.169934466
, 
], 
[
0.00170227012
, 
0.170227036
, 
], 
[
0.00168089918
, 
0.168089911
, 
], 
[
0.00172964786
, 
0.172964782
, 
], 
[
0.00171718921
, 
0.171718955
, 
], 
[
0.0017191876
, 
0.17191875
, 
], 
[
0.00169304665
, 
0.169304654
, 
], 
[
0.00170075381
, 
0.170075387
, 
], 
[
0.00166672643
, 
0.166672647
, 
], 
[
0.00166659255
, 
0.166659281
, 
], 
[
0.00173070596
, 
0.17307058
, 
], 
[
0.00168750202
, 
0.168750197
, 
], 
[
0.00168983301
, 
0.168983296
, 
], 
[
0.0016791079
, 
0.167910799
, 
], 
[
0.00169792864
, 
0.169792891
, 
], 
[
0.00165355369
, 
0.165355369
, 
], 
[
0.0016824404
, 
0.168244019
, 
], 
[
0.00166525436
, 
0.166525409
, 
], 
[
0.00167454709
, 
0.167454705
, 
], 
[
0.00167651521
, 
0.167651519
, 
], 
[
0.00167276687
, 
0.167276695
, 
], 
[
0.00165594579
, 
0.165594578
, 
], 
], [[
0.00166182499
, 
0.166182518
, 
], 
[
0.00164791755
, 
0.164791748
, 
], 
[
0.00162852439
, 
0.162852421
, 
], 
[
0.00164531311
, 
0.164531335
, 
], 
[
0.00165029231
, 
0.165029258
, 
], 
[
0.00163078285
, 
0.163078308
, 
], 
[
0.00162413809
, 
0.162413821
, 
], 
[
0.0016391892
, 
0.163918912
, 
], 
[
0.0016316839
, 
0.163168401
, 
], 
[
0.0016468392
, 
0.164683923
, 
], 
[
0.00163903146
, 
0.163903192
, 
], 
[
0.00163791736
, 
0.163791731
, 
], 
[
0.00163475832
, 
0.163475856
, 
], 
[
0.00164461532
, 
0.164461538
, 
], 
[
0.00165229244
, 
0.165229246
, 
], 
[
0.00162997819
, 
0.162997827
, 
], 
[
0.0016393438
, 
0.163934425
, 
], 
[
0.00166105432
, 
0.166105419
, 
], 
[
0.00167607062
, 
0.167607054
, 
], 
[
0.00165345741
, 
0.165345758
, 
], 
[
0.00165882707
, 
0.165882707
, 
], 
[
0.00164394337
, 
0.164394364
, 
], 
[
0.00164881127
, 
0.164881095
, 
], 
[
0.00164412207
, 
0.164412215
, 
], 
[
0.00163841515
, 
0.163841531
, 
], 
[
0.00166840153
, 
0.166840136
, 
], 
[
0.0016631902
, 
0.166319028
, 
], 
[
0.00164593337
, 
0.164593339
, 
], 
[
0.0016384701
, 
0.163847
, 
], 
[
0.00164246932
, 
0.164246932
, 
], 
[
0.00166726101
, 
0.166726097
, 
], 
[
0.00163718523
, 
0.163718522
, 
], 
[
0.00165151875
, 
0.165151879
, 
], 
[
0.00165160606
, 
0.165160596
, 
], 
[
0.00167270156
, 
0.167270139
, 
], 
[
0.00166946196
, 
0.166946188
, 
], 
[
0.00164194731
, 
0.164194748
, 
], 
[
0.00165948877
, 
0.165948853
, 
], 
[
0.00167311321
, 
0.167311355
, 
], 
[
0.0016477335
, 
0.16477336
, 
], 
[
0.00165570783
, 
0.165570781
, 
], 
[
0.00166627509
, 
0.166627496
, 
], 
[
0.00167005742
, 
0.167005733
, 
], 
[
0.00162832893
, 
0.162832871
, 
], 
[
0.00166322978
, 
0.166322961
, 
], 
[
0.00167706
, 
0.167705983
, 
], 
[
0.0016808809
, 
0.168088093
, 
], 
[
0.00168408651
, 
0.168408647
, 
], 
[
0.00167464069
, 
0.167464077
, 
], 
[
0.00170570239
, 
0.170570239
, 
], 
[
0.00168622565
, 
0.168622553
, 
], 
[
0.00169004267
, 
0.169004261
, 
], 
[
0.00164980465
, 
0.164980486
, 
], 
[
0.00170840055
, 
0.170840085
, 
], 
[
0.00165967131
, 
0.165967137
, 
], 
[
0.00169766939
, 
0.169766933
, 
], 
[
0.00167470367
, 
0.167470366
, 
], 
[
0.00168949028
, 
0.168949053
, 
], 
[
0.00172155071
, 
0.172155082
, 
], 
[
0.00169277692
, 
0.169277698
, 
], 
[
0.0017109561
, 
0.17109561
, 
], 
[
0.00169360649
, 
0.169360667
, 
], 
[
0.00169958582
, 
0.169958591
, 
], 
[
0.00170614547
, 
0.170614541
, 
], 
[
0.00171732821
, 
0.171732813
, 
], 
[
0.0017284241
, 
0.172842398
, 
], 
[
0.00175569986
, 
0.175569981
, 
], 
[
0.00172296318
, 
0.172296301
, 
], 
[
0.00172840687
, 
0.1728407
, 
], 
[
0.00173383
, 
0.173383
, 
], 
[
0.00172949338
, 
0.172949359
, 
], 
[
0.00173359551
, 
0.173359558
, 
], 
[
0.00176225149
, 
0.17622517
, 
], 
[
0.00176864758
, 
0.176864728
, 
], 
[
0.00176615687
, 
0.176615685
, 
], 
[
0.00177013886
, 
0.177013904
, 
], 
[
0.00175310078
, 
0.175310075
, 
], 
[
0.00175101892
, 
0.175101906
, 
], 
[
0.00177380431
, 
0.177380413
, 
], 
[
0.00176911324
, 
0.176911339
, 
], 
[
0.0017387619
, 
0.173876181
, 
], 
[
0.0017965195
, 
0.179651961
, 
], 
[
0.0017860888
, 
0.178608879
, 
], 
[
0.00177253631
, 
0.177253649
, 
], 
[
0.00181400659
, 
0.181400657
, 
], 
[
0.00182466593
, 
0.182466567
, 
], 
[
0.00183515425
, 
0.183515429
, 
], 
[
0.00182324
, 
0.182324022
, 
], 
[
0.00182476558
, 
0.18247655
, 
], 
[
0.00180724892
, 
0.180724889
, 
], 
[
0.00185311085
, 
0.185311124
, 
], 
[
0.00186018727
, 
0.186018735
, 
], 
[
0.00182205217
, 
0.182205185
, 
], 
[
0.00185557874
, 
0.185557902
, 
], 
[
0.00187707588
, 
0.187707603
, 
], 
[
0.00185503345
, 
0.185503379
, 
], 
[
0.0018558884
, 
0.185588807
, 
], 
[
0.00187691941
, 
0.187691942
, 
], 
[
0.00185764802
, 
0.185764834
, 
], 
[
0.00189024257
, 
0.18902427
, 
], 
], [[
0.00185976038
, 
0.185976028
, 
], 
[
0.00191877666
, 
0.191877678
, 
], 
[
0.00192389695
, 
0.192389697
, 
], 
[
0.00189741387
, 
0.189741373
, 
], 
[
0.00193140446
, 
0.193140462
, 
], 
[
0.00189969887
, 
0.189969882
, 
], 
[
0.00191071164
, 
0.191071168
, 
], 
[
0.00192372012
, 
0.192372009
, 
], 
[
0.0018914449
, 
0.189144492
, 
], 
[
0.00193489459
, 
0.193489462
, 
], 
[
0.0019666343
, 
0.196663439
, 
], 
[
0.00195010833
, 
0.195010826
, 
], 
[
0.00196067314
, 
0.196067363
, 
], 
[
0.00199156674
, 
0.199156672
, 
], 
[
0.00192470034
, 
0.192470059
, 
], 
[
0.00194667384
, 
0.194667399
, 
], 
[
0.00199546921
, 
0.199546933
, 
], 
[
0.00197065738
, 
0.197065726
, 
], 
[
0.00199521449
, 
0.199521452
, 
], 
[
0.00197999319
, 
0.197999313
, 
], 
[
0.00202830136
, 
0.202830151
, 
], 
[
0.00198069424
, 
0.198069438
, 
], 
[
0.00200386159
, 
0.200386152
, 
], 
[
0.0020224296
, 
0.20224297
, 
], 
[
0.00204373221
, 
0.204373226
, 
], 
[
0.00206784438
, 
0.206784472
, 
], 
[
0.00196736073
, 
0.196736097
, 
], 
[
0.00202873
, 
0.202872977
, 
], 
[
0.00205385336
, 
0.205385312
, 
], 
[
0.00202801172
, 
0.202801228
, 
], 
[
0.00208178791
, 
0.208178788
, 
], 
[
0.00207505794
, 
0.207505822
, 
], 
[
0.00205239817
, 
0.205239818
, 
], 
[
0.00204769638
, 
0.204769611
, 
], 
[
0.00207017479
, 
0.207017496
, 
], 
[
0.00206497894
, 
0.206497848
, 
], 
[
0.00208833907
, 
0.208833903
, 
], 
[
0.00206471328
, 
0.206471309
, 
], 
[
0.00199937052
, 
0.199937031
, 
], 
[
0.00206859666
, 
0.206859693
, 
], 
[
0.00209518266
, 
0.209518239
, 
], 
[
0.00207941048
, 
0.20794104
, 
], 
[
0.00212894543
, 
0.212894529
, 
], 
[
0.00213341136
, 
0.213341117
, 
], 
[
0.00207919371
, 
0.207919344
, 
], 
[
0.00204627309
, 
0.204627305
, 
], 
[
0.0021155104
, 
0.211551055
, 
], 
[
0.00217207568
, 
0.217207596
, 
], 
[
0.0020737173
, 
0.207371756
, 
], 
[
0.00206686743
, 
0.206686735
, 
], 
[
0.00210516155
, 
0.210516185
, 
], 
[
0.00210058037
, 
0.210058063
, 
], 
[
0.00211136788
, 
0.211136773
, 
], 
[
0.00215258659
, 
0.215258643
, 
], 
[
0.00212039729
, 
0.212039724
, 
], 
[
0.00213729916
, 
0.213729888
, 
], 
[
0.00207099
, 
0.207099035
, 
], 
[
0.00215039332
, 
0.215039358
, 
], 
[
0.00208234577
, 
0.208234578
, 
], 
[
0.00210467959
, 
0.21046792
, 
], 
[
0.00212967186
, 
0.212967217
, 
], 
[
0.00209948025
, 
0.209948063
, 
], 
[
0.00211978029
, 
0.211977988
, 
], 
[
0.00216782372
, 
0.216782406
, 
], 
[
0.00214991393
, 
0.214991406
, 
], 
[
0.00214504194
, 
0.214504197
, 
], 
[
0.00211617793
, 
0.211617768
, 
], 
[
0.00212825392
, 
0.212825403
, 
], 
[
0.00210813805
, 
0.210813835
, 
], 
[
0.00208016834
, 
0.208016828
, 
], 
[
0.00210272335
, 
0.210272357
, 
], 
[
0.00211598631
, 
0.211598605
, 
], 
[
0.00205976446
, 
0.205976442
, 
], 
[
0.0021095546
, 
0.210955441
, 
], 
[
0.00208871067
, 
0.208871081
, 
], 
[
0.00210961746
, 
0.210961744
, 
], 
[
0.00209983136
, 
0.209983125
, 
], 
[
0.00213843724
, 
0.213843748
, 
], 
[
0.00219412101
, 
0.219412133
, 
], 
[
0.00212420407
, 
0.212420404
, 
], 
[
0.00216733315
, 
0.216733307
, 
], 
[
0.00219601
, 
0.21960099
, 
], 
[
0.00212600781
, 
0.212600783
, 
], 
[
0.00213596737
, 
0.213596746
, 
], 
[
0.00210478576
, 
0.210478544
, 
], 
[
0.00211292598
, 
0.211292639
, 
], 
[
0.00209322246
, 
0.209322259
, 
], 
[
0.00211307756
, 
0.211307764
, 
], 
[
0.00205244799
, 
0.205244824
, 
], 
[
0.0020874436
, 
0.208744347
, 
], 
[
0.00211086171
, 
0.211086184
, 
], 
[
0.00214507
, 
0.214506984
, 
], 
[
0.00210290286
, 
0.210290268
, 
], 
[
0.00208519795
, 
0.208519816
, 
], 
[
0.00207308261
, 
0.207308263
, 
], 
[
0.00204801233
, 
0.204801217
, 
], 
[
0.00209736801
, 
0.209736839
, 
], 
[
0.00208523986
, 
0.208523974
, 
], 
[
0.0021434573
, 
0.214345738
, 
], 
[
0.00205393229
, 
0.20539324
, 
], 
], [[
0.00210109469
, 
0.210109517
, 
], 
[
0.00214848854
, 
0.214848831
, 
], 
[
0.00211344264
, 
0.211344302
, 
], 
[
0.00207063649
, 
0.20706366
, 
], 
[
0.00205598911
, 
0.205598906
, 
], 
[
0.0020576797
, 
0.205767974
, 
], 
[
0.00206972752
, 
0.206972793
, 
], 
[
0.00205960847
, 
0.20596084
, 
], 
[
0.00203319849
, 
0.203319818
, 
], 
[
0.00206534774
, 
0.206534788
, 
], 
[
0.00200881
, 
0.200880989
, 
], 
[
0.00205098162
, 
0.205098182
, 
], 
[
0.00202934607
, 
0.202934623
, 
], 
[
0.00204896345
, 
0.204896346
, 
], 
[
0.00204252405
, 
0.204252422
, 
], 
[
0.00201527984
, 
0.201528013
, 
], 
[
0.00203589094
, 
0.203589082
, 
], 
[
0.00196037348
, 
0.196037367
, 
], 
[
0.00201052171
, 
0.201052144
, 
], 
[
0.00204130751
, 
0.204130769
, 
], 
[
0.00204934808
, 
0.204934835
, 
], 
[
0.00200656801
, 
0.200656816
, 
], 
[
0.00199300214
, 
0.1993002
, 
], 
[
0.00196286361
, 
0.19628635
, 
], 
[
0.00199357024
, 
0.199357
, 
], 
[
0.00196606386
, 
0.196606383
, 
], 
[
0.00196263264
, 
0.196263298
, 
], 
[
0.00195966964
, 
0.195966944
, 
], 
[
0.00193409354
, 
0.193409353
, 
], 
[
0.00194344448
, 
0.194344431
, 
], 
[
0.00196596771
, 
0.196596816
, 
], 
[
0.00192547706
, 
0.192547724
, 
], 
[
0.00196429808
, 
0.196429804
, 
], 
[
0.00194166473
, 
0.194166452
, 
], 
[
0.00191751064
, 
0.191751048
, 
], 
[
0.00192607229
, 
0.192607239
, 
], 
[
0.00190929417
, 
0.190929458
, 
], 
[
0.00188867189
, 
0.188867182
, 
], 
[
0.00192112278
, 
0.192112282
, 
], 
[
0.00194903172
, 
0.194903165
, 
], 
[
0.00188516534
, 
0.188516527
, 
], 
[
0.00193097303
, 
0.193097293
, 
], 
[
0.0018980318
, 
0.189803198
, 
], 
[
0.00186416833
, 
0.186416835
, 
], 
[
0.00194347673
, 
0.194347695
, 
], 
[
0.00194111443
, 
0.194111452
, 
], 
[
0.00192340696
, 
0.192340687
, 
], 
[
0.00191974733
, 
0.191974729
, 
], 
[
0.00188491214
, 
0.188491181
, 
], 
[
0.00190384872
, 
0.190384895
, 
], 
[
0.00190169225
, 
0.190169215
, 
], 
[
0.00181565539
, 
0.181565523
, 
], 
[
0.00184575713
, 
0.184575737
, 
], 
[
0.00177929201
, 
0.177929208
, 
], 
[
0.0017773431
, 
0.177734315
, 
], 
[
0.00182150491
, 
0.182150498
, 
], 
[
0.00185772928
, 
0.185772926
, 
], 
[
0.00187119527
, 
0.187119558
, 
], 
[
0.00182347244
, 
0.182347253
, 
], 
[
0.00186701864
, 
0.186701864
, 
], 
[
0.00183305598
, 
0.183305576
, 
], 
[
0.00183970842
, 
0.183970839
, 
], 
[
0.00184366596
, 
0.184366599
, 
], 
[
0.00182081165
, 
0.182081178
, 
], 
[
0.00179047
, 
0.179046974
, 
], 
[
0.00181453966
, 
0.181453958
, 
], 
[
0.00184147316
, 
0.184147313
, 
], 
[
0.00182545441
, 
0.182545438
, 
], 
[
0.00182963663
, 
0.182963669
, 
], 
[
0.00182827935
, 
0.182827964
, 
], 
[
0.00175899221
, 
0.175899208
, 
], 
[
0.00181968615
, 
0.181968644
, 
], 
[
0.00183245458
, 
0.18324545
, 
], 
[
0.00180934148
, 
0.180934146
, 
], 
[
0.00184060866
, 
0.184060842
, 
], 
[
0.0017754006
, 
0.177540064
, 
], 
[
0.00181249878
, 
0.181249931
, 
], 
[
0.00177443027
, 
0.177443042
, 
], 
[
0.00178380823
, 
0.178380802
, 
], 
[
0.00182569027
, 
0.182569027
, 
], 
[
0.00174317951
, 
0.174317941
, 
], 
[
0.00177261827
, 
0.177261814
, 
], 
[
0.0017346784
, 
0.17346786
, 
], 
[
0.00177359895
, 
0.177359894
, 
], 
[
0.00170653802
, 
0.170653805
, 
], 
[
0.00175647798
, 
0.17564781
, 
], 
[
0.00175043289
, 
0.175043285
, 
], 
[
0.00174405368
, 
0.174405351
, 
], 
[
0.00171350129
, 
0.171350136
, 
], 
[
0.00177918549
, 
0.177918538
, 
], 
[
0.00172537914
, 
0.172537923
, 
], 
[
0.00173438096
, 
0.173438087
, 
], 
[
0.00169698242
, 
0.169698209
, 
], 
[
0.00176366244
, 
0.17636624
, 
], 
[
0.00169975462
, 
0.169975474
, 
], 
[
0.0017399512
, 
0.173995093
, 
], 
[
0.0017365485
, 
0.173654854
, 
], 
[
0.00174567301
, 
0.174567312
, 
], 
[
0.00168950518
, 
0.168950513
, 
], 
[
0.00173423695
, 
0.173423707
, 
], 
], [[
0.00172843877
, 
0.172843888
, 
], 
[
0.00173655117
, 
0.173655137
, 
], 
[
0.00172875193
, 
0.172875181
, 
], 
[
0.00171019253
, 
0.171019256
, 
], 
[
0.00166868372
, 
0.166868389
, 
], 
[
0.00170737796
, 
0.170737773
, 
], 
[
0.00166231254
, 
0.166231275
, 
], 
[
0.00168378162
, 
0.168378174
, 
], 
[
0.00169316959
, 
0.169316947
, 
], 
[
0.00171986863
, 
0.171986863
, 
], 
[
0.00173919834
, 
0.173919842
, 
], 
[
0.00168637815
, 
0.168637812
, 
], 
[
0.00169111148
, 
0.169111133
, 
], 
[
0.00169027783
, 
0.169027776
, 
], 
[
0.00170677213
, 
0.1706772
, 
], 
[
0.00166330859
, 
0.166330889
, 
], 
[
0.00170458702
, 
0.170458689
, 
], 
[
0.00171669014
, 
0.171669036
, 
], 
[
0.00163425331
, 
0.163425341
, 
], 
[
0.00170635339
, 
0.170635357
, 
], 
[
0.0016287138
, 
0.162871391
, 
], 
[
0.00164101901
, 
0.164101914
, 
], 
[
0.00168993347
, 
0.168993339
, 
], 
[
0.00164341391
, 
0.16434142
, 
], 
[
0.0016672468
, 
0.166724712
, 
], 
[
0.00166636903
, 
0.166636899
, 
], 
[
0.00162946165
, 
0.16294615
, 
], 
[
0.0016035384
, 
0.160353839
, 
], 
[
0.00168661366
, 
0.168661356
, 
], 
[
0.00163102557
, 
0.163102537
, 
], 
[
0.00165399909
, 
0.165399939
, 
], 
[
0.00161437818
, 
0.161437824
, 
], 
[
0.00159698888
, 
0.159698889
, 
], 
[
0.00163658755
, 
0.163658783
, 
], 
[
0.00161479949
, 
0.16147995
, 
], 
[
0.00168649596
, 
0.168649599
, 
], 
[
0.0016377545
, 
0.163775444
, 
], 
[
0.00163058529
, 
0.163058534
, 
], 
[
0.00169275794
, 
0.169275805
, 
], 
[
0.00166462467
, 
0.166462451
, 
], 
[
0.00159426313
, 
0.159426317
, 
], 
[
0.00158236851
, 
0.158236846
, 
], 
[
0.0015471275
, 
0.154712752
, 
], 
[
0.00164338457
, 
0.164338455
, 
], 
[
0.00157304574
, 
0.1573046
, 
], 
[
0.00157276937
, 
0.157276928
, 
], 
[
0.00162472273
, 
0.162472263
, 
], 
[
0.00164155127
, 
0.164155126
, 
], 
[
0.00161935773
, 
0.161935791
, 
], 
[
0.00162162399
, 
0.162162408
, 
], 
[
0.00161131052
, 
0.161131054
, 
], 
[
0.00160170963
, 
0.160170987
, 
], 
[
0.00167479529
, 
0.167479545
, 
], 
[
0.00166522514
, 
0.166522533
, 
], 
[
0.00165565114
, 
0.165565133
, 
], 
[
0.00156968681
, 
0.156968683
, 
], 
[
0.00158526225
, 
0.158526227
, 
], 
[
0.00163422618
, 
0.163422629
, 
], 
[
0.001545473
, 
0.154547319
, 
], 
[
0.00152800919
, 
0.152800933
, 
], 
[
0.00152086571
, 
0.152086586
, 
], 
[
0.00160310348
, 
0.160310328
, 
], 
[
0.0016273947
, 
0.162739471
, 
], 
[
0.00159341167
, 
0.159341171
, 
], 
[
0.00156425138
, 
0.156425133
, 
], 
[
0.00158824865
, 
0.158824861
, 
], 
[
0.00155366934
, 
0.155366942
, 
], 
[
0.00158053485
, 
0.158053502
, 
], 
[
0.0015913673
, 
0.159136742
, 
], 
[
0.00157558837
, 
0.157558858
, 
], 
[
0.00159317092
, 
0.159317076
, 
], 
[
0.00158559321
, 
0.158559322
, 
], 
[
0.00155976636
, 
0.155976638
, 
], 
[
0.00153643312
, 
0.15364331
, 
], 
[
0.00155008037
, 
0.155008018
, 
], 
[
0.00156446407
, 
0.156446412
, 
], 
[
0.00158030388
, 
0.158030421
, 
], 
[
0.00158828532
, 
0.158828512
, 
], 
[
0.00153991638
, 
0.153991655
, 
], 
[
0.00155902863
, 
0.155902877
, 
], 
[
0.00159451
, 
0.159450978
, 
], 
[
0.00154476415
, 
0.154476404
, 
], 
[
0.00157482713
, 
0.157482728
, 
], 
[
0.00155482825
, 
0.155482799
, 
], 
[
0.00149957149
, 
0.149957165
, 
], 
[
0.00150072516
, 
0.150072545
, 
], 
[
0.00152015965
, 
0.152015969
, 
], 
[
0.00153952651
, 
0.153952673
, 
], 
[
0.00148444541
, 
0.148444533
, 
], 
[
0.00155162788
, 
0.155162811
, 
], 
[
0.00156792707
, 
0.1567927
, 
], 
[
0.00152911153
, 
0.152911142
, 
], 
[
0.00159348338
, 
0.159348324
, 
], 
[
0.00148845231
, 
0.148845226
, 
], 
[
0.00159695046
, 
0.159695044
, 
], 
[
0.00156604685
, 
0.156604692
, 
], 
[
0.00156615057
, 
0.156615078
, 
], 
[
0.00155536074
, 
0.155536056
, 
], 
[
0.00156202039
, 
0.156202033
, 
], 
[
0.00154652039
, 
0.154652059
, 
], 
], [[
0.0015164098
, 
0.151641011
, 
], 
[
0.00153776351
, 
0.153776348
, 
], 
[
0.00156596187
, 
0.156596169
, 
], 
[
0.00152552756
, 
0.152552754
, 
], 
[
0.00157927955
, 
0.157927975
, 
], 
[
0.00155508367
, 
0.155508384
, 
], 
[
0.00148764031
, 
0.148764044
, 
], 
[
0.00151296158
, 
0.151296169
, 
], 
[
0.0014905741
, 
0.149057388
, 
], 
[
0.00147156569
, 
0.147156581
, 
], 
[
0.00154223933
, 
0.154223949
, 
], 
[
0.00149889325
, 
0.149889335
, 
], 
[
0.00153292739
, 
0.153292745
, 
], 
[
0.00148196216
, 
0.14819622
, 
], 
[
0.00143782923
, 
0.143782929
, 
], 
[
0.00148896291
, 
0.148896292
, 
], 
[
0.00154698058
, 
0.154698059
, 
], 
[
0.00149875612
, 
0.149875581
, 
], 
[
0.00146359322
, 
0.146359324
, 
], 
[
0.00146720978
, 
0.146720991
, 
], 
[
0.00150545349
, 
0.150545344
, 
], 
[
0.00151134026
, 
0.151134044
, 
], 
[
0.00158459658
, 
0.158459678
, 
], 
[
0.00148744171
, 
0.148744181
, 
], 
[
0.00144238863
, 
0.144238874
, 
], 
[
0.0014944938
, 
0.149449378
, 
], 
[
0.00147538818
, 
0.147538826
, 
], 
[
0.00154713145
, 
0.154713154
, 
], 
[
0.00147976365
, 
0.147976369
, 
], 
[
0.00154673867
, 
0.154673859
, 
], 
[
0.0014233262
, 
0.142332628
, 
], 
[
0.00150294916
, 
0.150294945
, 
], 
[
0.00148085807
, 
0.148085818
, 
], 
[
0.00147435279
, 
0.147435293
, 
], 
[
0.00142755941
, 
0.142755941
, 
], 
[
0.0014463854
, 
0.144638509
, 
], 
[
0.00147618633
, 
0.147618622
, 
], 
[
0.00143481651
, 
0.143481642
, 
], 
[
0.00148124387
, 
0.148124397
, 
], 
[
0.00145447475
, 
0.145447478
, 
], 
[
0.00147919497
, 
0.147919506
, 
], 
[
0.00144639856
, 
0.14463985
, 
], 
[
0.00144334708
, 
0.144334689
, 
], 
[
0.00148074806
, 
0.148074821
, 
], 
[
0.0014661483
, 
0.146614835
, 
], 
[
0.00145398767
, 
0.145398766
, 
], 
[
0.00143370661
, 
0.143370658
, 
], 
[
0.00146377296
, 
0.146377325
, 
], 
[
0.00145987945
, 
0.145987928
, 
], 
[
0.00147321715
, 
0.147321716
, 
], 
[
0.00149240321
, 
0.14924033
, 
], 
[
0.00144003693
, 
0.144003689
, 
], 
[
0.00146375294
, 
0.146375284
, 
], 
[
0.00146520219
, 
0.146520227
, 
], 
[
0.0014310386
, 
0.143103868
, 
], 
[
0.00150166114
, 
0.150166109
, 
], 
[
0.00144081749
, 
0.144081756
, 
], 
[
0.00147914106
, 
0.147914127
, 
], 
[
0.0014467109
, 
0.144671082
, 
], 
[
0.00142307323
, 
0.142307326
, 
], 
[
0.00140822202
, 
0.140822232
, 
], 
[
0.00146932306
, 
0.146932289
, 
], 
[
0.00144028978
, 
0.144028962
, 
], 
[
0.00142555463
, 
0.142555475
, 
], 
[
0.00149482198
, 
0.149482191
, 
], 
[
0.00145645242
, 
0.145645231
, 
], 
[
0.00148042606
, 
0.148042619
, 
], 
[
0.00143977045
, 
0.143977061
, 
], 
[
0.00140363805
, 
0.140363827
, 
], 
[
0.00142035761
, 
0.142035767
, 
], 
[
0.00141021714
, 
0.141021729
, 
], 
[
0.0014456471
, 
0.144564703
, 
], 
[
0.00142173597
, 
0.142173588
, 
], 
[
0.00144348852
, 
0.14434886
, 
], 
[
0.00147038524
, 
0.147038519
, 
], 
[
0.00144129421
, 
0.14412941
, 
], 
[
0.00142279116
, 
0.142279133
, 
], 
[
0.00138516654
, 
0.138516679
, 
], 
[
0.00139166857
, 
0.139166847
, 
], 
[
0.00142690691
, 
0.142690688
, 
], 
[
0.00147975865
, 
0.147975877
, 
], 
[
0.00138115312
, 
0.138115317
, 
], 
[
0.00140806951
, 
0.140806943
, 
], 
[
0.00139408605
, 
0.139408603
, 
], 
[
0.0014253828
, 
0.142538294
, 
], 
[
0.00139700493
, 
0.139700487
, 
], 
[
0.00136471295
, 
0.136471301
, 
], 
[
0.00140434084
, 
0.140434116
, 
], 
[
0.00145435252
, 
0.145435274
, 
], 
[
0.00134612084
, 
0.134612083
, 
], 
[
0.0013722264
, 
0.137222648
, 
], 
[
0.00143117749
, 
0.143117756
, 
], 
[
0.00145166111
, 
0.145166114
, 
], 
[
0.00141545979
, 
0.141546
, 
], 
[
0.00141320657
, 
0.141320661
, 
], 
[
0.00140240532
, 
0.140240535
, 
], 
[
0.00139348384
, 
0.139348388
, 
], 
[
0.00134589139
, 
0.134589136
, 
], 
[
0.00142145925
, 
0.142145932
, 
], 
[
0.00141852337
, 
0.141852319
, 
], 
], [[
0.00137866731
, 
0.13786675
, 
], 
[
0.00140352082
, 
0.1403521
, 
], 
[
0.00140501675
, 
0.140501678
, 
], 
[
0.00137484807
, 
0.137484804
, 
], 
[
0.00140226225
, 
0.14022623
, 
], 
[
0.00142475008
, 
0.142475024
, 
], 
[
0.00140980654
, 
0.140980661
, 
], 
[
0.00141978683
, 
0.141978696
, 
], 
[
0.00140418962
, 
0.140418947
, 
], 
[
0.00136416173
, 
0.136416182
, 
], 
[
0.00137396308
, 
0.137396306
, 
], 
[
0.00142473413
, 
0.142473429
, 
], 
[
0.00144198688
, 
0.144198701
, 
], 
[
0.0014092318
, 
0.140923172
, 
], 
[
0.00138728938
, 
0.138728961
, 
], 
[
0.00138206373
, 
0.138206378
, 
], 
[
0.00134299241
, 
0.134299234
, 
], 
[
0.00137693575
, 
0.137693569
, 
], 
[
0.00140243559
, 
0.14024356
, 
], 
[
0.00135601568
, 
0.13560158
, 
], 
[
0.0013829252
, 
0.138292536
, 
], 
[
0.0013814955
, 
0.138149559
, 
], 
[
0.00140667264
, 
0.14066726
, 
], 
[
0.00138528191
, 
0.138528183
, 
], 
[
0.00142982753
, 
0.142982751
, 
], 
[
0.00138035743
, 
0.138035744
, 
], 
[
0.0013445256
, 
0.134452537
, 
], 
[
0.00137601583
, 
0.137601584
, 
], 
[
0.00138029945
, 
0.138029948
, 
], 
[
0.00139768946
, 
0.139768943
, 
], 
[
0.00140285783
, 
0.140285775
, 
], 
[
0.00136754743
, 
0.136754721
, 
], 
[
0.00135294534
, 
0.135294527
, 
], 
[
0.0013713846
, 
0.137138456
, 
], 
[
0.00133063958
, 
0.133063942
, 
], 
[
0.0013512536
, 
0.135125354
, 
], 
[
0.00135603803
, 
0.135603815
, 
], 
[
0.00138383312
, 
0.138383299
, 
], 
[
0.00135104323
, 
0.135104299
, 
], 
[
0.00140310673
, 
0.140310675
, 
], 
[
0.00133368361
, 
0.133368373
, 
], 
[
0.00133870461
, 
0.133870468
, 
], 
[
0.00135406049
, 
0.135406062
, 
], 
[
0.00132441253
, 
0.132441252
, 
], 
[
0.00132638623
, 
0.132638648
, 
], 
[
0.00134821783
, 
0.134821802
, 
], 
[
0.00135496724
, 
0.135496721
, 
], 
[
0.00134131347
, 
0.134131342
, 
], 
[
0.00137880479
, 
0.137880445
, 
], 
[
0.0013509019
, 
0.135090217
, 
], 
[
0.00137022557
, 
0.13702257
, 
], 
[
0.00132331776
, 
0.132331744
, 
], 
[
0.00135315733
, 
0.135315731
, 
], 
[
0.00138022832
, 
0.13802284
, 
], 
[
0.00137179287
, 
0.1371793
, 
], 
[
0.00132084126
, 
0.132084116
, 
], 
[
0.00136765069
, 
0.136765093
, 
], 
[
0.00137245748
, 
0.137245744
, 
], 
[
0.00132141483
, 
0.132141486
, 
], 
[
0.00132965471
, 
0.132965475
, 
], 
[
0.00133365334
, 
0.133365318
, 
], 
[
0.00134326157
, 
0.134326145
, 
], 
[
0.00127925014
, 
0.127925009
, 
], 
[
0.00135716691
, 
0.135716692
, 
], 
[
0.00134395866
, 
0.134395868
, 
], 
[
0.00137285586
, 
0.137285575
, 
], 
[
0.00134731387
, 
0.134731367
, 
], 
[
0.00130987866
, 
0.130987868
, 
], 
[
0.00134446309
, 
0.134446308
, 
], 
[
0.00132943306
, 
0.132943317
, 
], 
[
0.00135392393
, 
0.135392398
, 
], 
[
0.00133864
, 
0.133864015
, 
], 
[
0.00133484532
, 
0.133484542
, 
], 
[
0.00131052302
, 
0.1310523
, 
], 
[
0.00132277654
, 
0.132277668
, 
], 
[
0.00132701185
, 
0.132701188
, 
], 
[
0.00128804077
, 
0.128804073
, 
], 
[
0.00132320053
, 
0.132320046
, 
], 
[
0.00133234635
, 
0.133234635
, 
], 
[
0.00134071067
, 
0.134071067
, 
], 
[
0.00134599034
, 
0.134599045
, 
], 
[
0.00135300413
, 
0.135300428
, 
], 
[
0.00134039414
, 
0.134039417
, 
], 
[
0.00134728744
, 
0.134728745
, 
], 
[
0.00134725403
, 
0.134725392
, 
], 
[
0.0013173765
, 
0.131737649
, 
], 
[
0.00130753848
, 
0.130753845
, 
], 
[
0.00130519923
, 
0.130519941
, 
], 
[
0.00134152069
, 
0.134152099
, 
], 
[
0.00133553
, 
0.133553
, 
], 
[
0.0012984653
, 
0.129846528
, 
], 
[
0.00128229463
, 
0.128229454
, 
], 
[
0.00130736607
, 
0.130736604
, 
], 
[
0.0013059011
, 
0.130590111
, 
], 
[
0.00129961583
, 
0.12996158
, 
], 
[
0.00131956069
, 
0.131956071
, 
], 
[
0.00133703102
, 
0.133703113
, 
], 
[
0.00126666797
, 
0.126666784
, 
], 
[
0.00129587494
, 
0.129587501
, 
], 
[
0.00130251737
, 
0.130251735
, 
], 
], [[
0.00132817146
, 
0.132817164
, 
], 
[
0.0013331871
, 
0.133318722
, 
], 
[
0.00133089209
, 
0.133089215
, 
], 
[
0.00131425
, 
0.131425023
, 
], 
[
0.00130150036
, 
0.13015005
, 
], 
[
0.00132022647
, 
0.132022649
, 
], 
[
0.00132981851
, 
0.132981881
, 
], 
[
0.00128181046
, 
0.128181055
, 
], 
[
0.00130684499
, 
0.130684495
, 
], 
[
0.00132018514
, 
0.132018536
, 
], 
[
0.00130056485
, 
0.1300565
, 
], 
[
0.00132581976
, 
0.132582
, 
], 
[
0.00132432103
, 
0.132432118
, 
], 
[
0.00130469189
, 
0.130469203
, 
], 
[
0.00129472197
, 
0.129472196
, 
], 
[
0.00128435879
, 
0.128435895
, 
], 
[
0.00128521665
, 
0.128521666
, 
], 
[
0.00133001257
, 
0.133001238
, 
], 
[
0.00132188748
, 
0.132188782
, 
], 
[
0.00129350147
, 
0.129350156
, 
], 
[
0.00132443814
, 
0.132443815
, 
], 
[
0.00131626287
, 
0.131626278
, 
], 
[
0.00132986624
, 
0.132986635
, 
], 
[
0.00131752784
, 
0.131752789
, 
], 
[
0.00129542733
, 
0.129542738
, 
], 
[
0.00131031545
, 
0.131031573
, 
], 
[
0.00129350775
, 
0.129350781
, 
], 
[
0.00122125656
, 
0.122125693
, 
], 
[
0.00132311555
, 
0.132311583
, 
], 
[
0.00131995033
, 
0.131995037
, 
], 
[
0.00127488864
, 
0.127488852
, 
], 
[
0.00129202858
, 
0.129202858
, 
], 
[
0.00126507459
, 
0.126507446
, 
], 
[
0.00131180359
, 
0.131180346
, 
], 
[
0.00130468165
, 
0.13046819
, 
], 
[
0.00127196789
, 
0.127196774
, 
], 
[
0.00129233848
, 
0.129233867
, 
], 
[
0.00129929662
, 
0.129929647
, 
], 
[
0.00128597545
, 
0.128597543
, 
], 
[
0.00129011914
, 
0.129011929
, 
], 
[
0.0012922358
, 
0.129223585
, 
], 
[
0.00121118047
, 
0.121118039
, 
], 
[
0.00128344935
, 
0.128344923
, 
], 
[
0.00128940505
, 
0.128940493
, 
], 
[
0.00128021522
, 
0.128021523
, 
], 
[
0.00127002655
, 
0.127002656
, 
], 
[
0.00132877461
, 
0.132877454
, 
], 
[
0.00128348276
, 
0.128348261
, 
], 
[
0.0012118232
, 
0.121182315
, 
], 
[
0.00123091973
, 
0.123091988
, 
], 
[
0.00129744178
, 
0.129744202
, 
], 
[
0.00127366255
, 
0.12736626
, 
], 
[
0.00126647379
, 
0.126647368
, 
], 
[
0.00125064
, 
0.125064
, 
], 
[
0.00130025845
, 
0.130025849
, 
], 
[
0.00127715105
, 
0.127715096
, 
], 
[
0.00131004886
, 
0.131004885
, 
], 
[
0.00125769433
, 
0.125769421
, 
], 
[
0.00123011938
, 
0.123011924
, 
], 
[
0.00126079586
, 
0.126079574
, 
], 
[
0.00127534394
, 
0.127534389
, 
], 
[
0.00127671601
, 
0.127671614
, 
], 
[
0.00124748051
, 
0.124748066
, 
], 
[
0.00127684674
, 
0.127684698
, 
], 
[
0.00122557813
, 
0.122557811
, 
], 
[
0.00126504863
, 
0.126504853
, 
], 
[
0.00131898106
, 
0.131898105
, 
], 
[
0.00126509822
, 
0.12650983
, 
], 
[
0.00125722052
, 
0.125722066
, 
], 
[
0.00122891564
, 
0.122891568
, 
], 
[
0.00124076148
, 
0.12407615
, 
], 
[
0.00123354886
, 
0.123354897
, 
], 
[
0.00127292296
, 
0.12729229
, 
], 
[
0.00126087619
, 
0.126087621
, 
], 
[
0.00126987312
, 
0.126987308
, 
], 
[
0.00128307834
, 
0.128307849
, 
], 
[
0.00124913605
, 
0.124913611
, 
], 
[
0.00125830201
, 
0.125830203
, 
], 
[
0.00126252871
, 
0.12625286
, 
], 
[
0.001249486
, 
0.124948606
, 
], 
[
0.0012736636
, 
0.127366349
, 
], 
[
0.00123942713
, 
0.123942718
, 
], 
[
0.00123414851
, 
0.123414844
, 
], 
[
0.00124340644
, 
0.124340646
, 
], 
[
0.00121587515
, 
0.121587515
, 
], 
[
0.00124660123
, 
0.124660112
, 
], 
[
0.00122345134
, 
0.12234515
, 
], 
[
0.00124868634
, 
0.124868646
, 
], 
[
0.00125574379
, 
0.12557438
, 
], 
[
0.00128284516
, 
0.128284529
, 
], 
[
0.00128597708
, 
0.128597692
, 
], 
[
0.00126229017
, 
0.126229033
, 
], 
[
0.00126421894
, 
0.126421899
, 
], 
[
0.0012353108
, 
0.123531073
, 
], 
[
0.00125222385
, 
0.125222385
, 
], 
[
0.00125442469
, 
0.12544246
, 
], 
[
0.00124993769
, 
0.124993771
, 
], 
[
0.0012283161
, 
0.12283162
, 
], 
[
0.00122716743
, 
0.122716732
, 
], 
[
0.00122780632
, 
0.122780651
, 
], 
], [[
0.00123141462
, 
0.123141468
, 
], 
[
0.00122557383
, 
0.122557394
, 
], 
[
0.00123782305
, 
0.123782299
, 
], 
[
0.00124983466
, 
0.124983452
, 
], 
[
0.00122001639
, 
0.12200164
, 
], 
[
0.00122704543
, 
0.122704551
, 
], 
[
0.00121447537
, 
0.121447518
, 
], 
[
0.00123979896
, 
0.123979904
, 
], 
[
0.00125559978
, 
0.125559956
, 
], 
[
0.00126316119
, 
0.12631613
, 
], 
[
0.00125167053
, 
0.125167057
, 
], 
[
0.0012016861
, 
0.120168619
, 
], 
[
0.00122220512
, 
0.122220509
, 
], 
[
0.00120088737
, 
0.120088719
, 
], 
[
0.00120562559
, 
0.120562553
, 
], 
[
0.00122358697
, 
0.12235871
, 
], 
[
0.00121629657
, 
0.121629663
, 
], 
[
0.00121901743
, 
0.121901758
, 
], 
[
0.0012278317
, 
0.122783184
, 
], 
[
0.00120428926
, 
0.120428912
, 
], 
[
0.0011915029
, 
0.119150288
, 
], 
[
0.00119783217
, 
0.119783208
, 
], 
[
0.00119628059
, 
0.119628049
, 
], 
[
0.00122691144
, 
0.122691147
, 
], 
[
0.0012473294
, 
0.124732934
, 
], 
[
0.00122306298
, 
0.122306287
, 
], 
[
0.00125298172
, 
0.125298172
, 
], 
[
0.00117478915
, 
0.117478929
, 
], 
[
0.00122445938
, 
0.122445956
, 
], 
[
0.00124137232
, 
0.124137245
, 
], 
[
0.00119945139
, 
0.119945139
, 
], 
[
0.001204842
, 
0.120484203
, 
], 
[
0.00115317572
, 
0.115317561
, 
], 
[
0.00121247827
, 
0.121247858
, 
], 
[
0.00119351584
, 
0.119351603
, 
], 
[
0.00121674838
, 
0.121674851
, 
], 
[
0.00119392364
, 
0.119392365
, 
], 
[
0.00118900044
, 
0.118900031
, 
], 
[
0.00121216814
, 
0.121216819
, 
], 
[
0.00124027953
, 
0.12402796
, 
], 
[
0.00120060402
, 
0.120060392
, 
], 
[
0.00122062594
, 
0.122062579
, 
], 
[
0.0012175109
, 
0.1217511
, 
], 
[
0.00120134873
, 
0.120134853
, 
], 
[
0.00123710255
, 
0.12371026
, 
], 
[
0.00119390595
, 
0.119390592
, 
], 
[
0.00124375022
, 
0.124375038
, 
], 
[
0.00122325623
, 
0.122325622
, 
], 
[
0.00121380936
, 
0.12138094
, 
], 
[
0.00120310578
, 
0.120310597
, 
], 
[
0.00121956447
, 
0.12195643
, 
], 
[
0.0011841763
, 
0.118417636
, 
], 
[
0.0012342406
, 
0.123424061
, 
], 
[
0.0011941503
, 
0.119415022
, 
], 
[
0.00120697275
, 
0.120697282
, 
], 
[
0.00121966621
, 
0.121966608
, 
], 
[
0.00119785918
, 
0.119785927
, 
], 
[
0.00120468473
, 
0.120468482
, 
], 
[
0.00118600123
, 
0.118600145
, 
], 
[
0.00124709937
, 
0.124709964
, 
], 
[
0.00120512478
, 
0.120512478
, 
], 
[
0.00124776165
, 
0.124776192
, 
], 
[
0.0011455135
, 
0.114551343
, 
], 
[
0.00122380152
, 
0.122380145
, 
], 
[
0.00120766019
, 
0.120766029
, 
], 
[
0.00118800288
, 
0.118800268
, 
], 
[
0.00119128241
, 
0.119128235
, 
], 
[
0.00119666127
, 
0.119666152
, 
], 
[
0.00122289301
, 
0.122289307
, 
], 
[
0.00122246041
, 
0.122246027
, 
], 
[
0.0011936638
, 
0.119366363
, 
], 
[
0.00119208812
, 
0.119208835
, 
], 
[
0.00117727497
, 
0.117727503
, 
], 
[
0.00116789853
, 
0.11678984
, 
], 
[
0.0011692429
, 
0.116924301
, 
], 
[
0.00114755332
, 
0.114755347
, 
], 
[
0.00120159495
, 
0.12015947
, 
], 
[
0.00118026917
, 
0.118026912
, 
], 
[
0.00118673185
, 
0.118673213
, 
], 
[
0.00120013324
, 
0.120013326
, 
], 
[
0.00120661582
, 
0.120661601
, 
], 
[
0.00116131664
, 
0.116131656
, 
], 
[
0.00123076048
, 
0.123076066
, 
], 
[
0.00117045362
, 
0.11704538
, 
], 
[
0.00116720155
, 
0.116720162
, 
], 
[
0.00118975888
, 
0.11897587
, 
], 
[
0.00119782693
, 
0.119782701
, 
], 
[
0.0011914901
, 
0.119149007
, 
], 
[
0.00117003941
, 
0.11700394
, 
], 
[
0.0011864648
, 
0.11864648
, 
], 
[
0.00116606592
, 
0.116606586
, 
], 
[
0.00120165409
, 
0.12016543
, 
], 
[
0.00115363335
, 
0.115363337
, 
], 
[
0.00115804106
, 
0.115804113
, 
], 
[
0.00122859213
, 
0.12285921
, 
], 
[
0.00118808018
, 
0.118808039
, 
], 
[
0.00118202274
, 
0.118202262
, 
], 
[
0.00115401298
, 
0.11540129
, 
], 
[
0.00114549475
, 
0.114549488
, 
], 
[
0.00122437254
, 
0.122437261
, 
], 
], [[
0.00119181722
, 
0.11918173
, 
], 
[
0.0011747696
, 
0.117476977
, 
], 
[
0.00113382773
, 
0.113382779
, 
], 
[
0.00115889299
, 
0.115889303
, 
], 
[
0.00116991322
, 
0.116991334
, 
], 
[
0.00118010864
, 
0.118010856
, 
], 
[
0.0011871031
, 
0.118710287
, 
], 
[
0.00119861
, 
0.119861014
, 
], 
[
0.00119532214
, 
0.119532213
, 
], 
[
0.00115382113
, 
0.115382127
, 
], 
[
0.00115627632
, 
0.115627654
, 
], 
[
0.00113895966
, 
0.11389596
, 
], 
[
0.00114496821
, 
0.11449682
, 
], 
[
0.00116848934
, 
0.116848931
, 
], 
[
0.00118209259
, 
0.11820925
, 
], 
[
0.00114907918
, 
0.114907935
, 
], 
[
0.00117737905
, 
0.117737927
, 
], 
[
0.00117861177
, 
0.117861196
, 
], 
[
0.00112487609
, 
0.112487622
, 
], 
[
0.00112422951
, 
0.112422943
, 
], 
[
0.00113718433
, 
0.113718458
, 
], 
[
0.00118482555
, 
0.118482545
, 
], 
[
0.0011536465
, 
0.115364656
, 
], 
[
0.00117584341
, 
0.117584355
, 
], 
[
0.00116901135
, 
0.116901129
, 
], 
[
0.00114771945
, 
0.114771947
, 
], 
[
0.00115843536
, 
0.115843527
, 
], 
[
0.00117879361
, 
0.117879376
, 
], 
[
0.00113864604
, 
0.113864623
, 
], 
[
0.00115454267
, 
0.115454271
, 
], 
[
0.00114634656
, 
0.114634655
, 
], 
[
0.00116155879
, 
0.116155878
, 
], 
[
0.00112577365
, 
0.112577371
, 
], 
[
0.00108795834
, 
0.108795829
, 
], 
[
0.00115186139
, 
0.115186132
, 
], 
[
0.00115093251
, 
0.115093254
, 
], 
[
0.00113629084
, 
0.11362908
, 
], 
[
0.00115411275
, 
0.115411259
, 
], 
[
0.00114571105
, 
0.114571117
, 
], 
[
0.00116727594
, 
0.116727605
, 
], 
[
0.00114844099
, 
0.114844114
, 
], 
[
0.00114184024
, 
0.114184029
, 
], 
[
0.0011557939
, 
0.115579396
, 
], 
[
0.00112727098
, 
0.112727121
, 
], 
[
0.0011329304
, 
0.113293044
, 
], 
[
0.00114802329
, 
0.114802353
, 
], 
[
0.00112971815
, 
0.11297182
, 
], 
[
0.00113243773
, 
0.113243788
, 
], 
[
0.00112735038
, 
0.112735026
, 
], 
[
0.00116347126
, 
0.116347112
, 
], 
[
0.00114179065
, 
0.11417906
, 
], 
[
0.00116226
, 
0.116225995
, 
], 
[
0.00112810393
, 
0.112810403
, 
], 
[
0.00114156806
, 
0.114156805
, 
], 
[
0.00113774126
, 
0.113774128
, 
], 
[
0.00112612254
, 
0.112612247
, 
], 
[
0.0011223458
, 
0.11223457
, 
], 
[
0.00112695724
, 
0.112695731
, 
], 
[
0.00115039642
, 
0.115039662
, 
], 
[
0.00115930079
, 
0.115930103
, 
], 
[
0.00111748208
, 
0.111748211
, 
], 
[
0.00109114323
, 
0.109114341
, 
], 
[
0.00114139938
, 
0.114139959
, 
], 
[
0.00110534485
, 
0.110534482
, 
], 
[
0.00112943293
, 
0.112943314
, 
], 
[
0.00112746074
, 
0.112746075
, 
], 
[
0.00110476336
, 
0.110476345
, 
], 
[
0.0011300334
, 
0.113003358
, 
], 
[
0.00113884825
, 
0.113884829
, 
], 
[
0.00112898892
, 
0.112898871
, 
], 
[
0.0011362416
, 
0.11362417
, 
], 
[
0.00114870921
, 
0.114870913
, 
], 
[
0.00110501691
, 
0.110501692
, 
], 
[
0.00113538781
, 
0.113538779
, 
], 
[
0.00110791204
, 
0.110791199
, 
], 
[
0.00117522653
, 
0.117522649
, 
], 
[
0.00112679543
, 
0.112679549
, 
], 
[
0.00114022556
, 
0.114022546
, 
], 
[
0.00114450406
, 
0.114450403
, 
], 
[
0.00111986534
, 
0.111986548
, 
], 
[
0.00111998559
, 
0.111998558
, 
], 
[
0.00111922727
, 
0.111922763
, 
], 
[
0.00111293315
, 
0.111293301
, 
], 
[
0.00114899827
, 
0.114899836
, 
], 
[
0.00110811321
, 
0.110811323
, 
], 
[
0.0011127888
, 
0.111278906
, 
], 
[
0.0010993937
, 
0.109939381
, 
], 
[
0.00111286459
, 
0.111286454
, 
], 
[
0.00111196272
, 
0.111196257
, 
], 
[
0.00112916646
, 
0.112916648
, 
], 
[
0.00112864212
, 
0.112864204
, 
], 
[
0.00110459502
, 
0.110459492
, 
], 
[
0.00107271946
, 
0.107271947
, 
], 
[
0.00113091874
, 
0.113091879
, 
], 
[
0.00110043329
, 
0.110043347
, 
], 
[
0.00110963779
, 
0.110963784
, 
], 
[
0.00111689186
, 
0.11168918
, 
], 
[
0.00110439432
, 
0.11043942
, 
], 
[
0.00113011815
, 
0.11301183
, 
], 
[
0.00114508043
, 
0.11450804
, 
], 
], [[
0.00111132918
, 
0.111132935
, 
], 
[
0.00108541653
, 
0.10854166
, 
], 
[
0.00111923786
, 
0.111923791
, 
], 
[
0.00107733754
, 
0.107733756
, 
], 
[
0.00108103256
, 
0.10810326
, 
], 
[
0.0011233741
, 
0.112337396
, 
], 
[
0.00110447349
, 
0.110447362
, 
], 
[
0.00110061362
, 
0.110061355
, 
], 
[
0.00111885299
, 
0.111885309
, 
], 
[
0.00111050147
, 
0.111050136
, 
], 
[
0.00110067823
, 
0.110067829
, 
], 
[
0.00109587552
, 
0.109587565
, 
], 
[
0.0010948698
, 
0.109487005
, 
], 
[
0.00113500434
, 
0.113500454
, 
], 
[
0.00114050356
, 
0.114050351
, 
], 
[
0.0011297086
, 
0.112970859
, 
], 
[
0.00106579612
, 
0.106579624
, 
], 
[
0.00107897981
, 
0.107897989
, 
], 
[
0.00109907764
, 
0.109907798
, 
], 
[
0.00110402878
, 
0.110402882
, 
], 
[
0.00105006725
, 
0.105006717
, 
], 
[
0.00110922381
, 
0.110922396
, 
], 
[
0.00106839649
, 
0.106839664
, 
], 
[
0.00108307879
, 
0.108307868
, 
], 
[
0.00108520919
, 
0.108520925
, 
], 
[
0.00107161712
, 
0.107161731
, 
], 
[
0.00108676334
, 
0.108676352
, 
], 
[
0.0011183559
, 
0.111835591
, 
], 
[
0.00110153598
, 
0.110153608
, 
], 
[
0.00108259195
, 
0.108259201
, 
], 
[
0.0010670902
, 
0.106709026
, 
], 
[
0.00108671433
, 
0.108671427
, 
], 
[
0.00108487823
, 
0.108487837
, 
], 
[
0.00108831213
, 
0.108831219
, 
], 
[
0.00106226583
, 
0.106226586
, 
], 
[
0.00106591231
, 
0.106591232
, 
], 
[
0.00112415478
, 
0.11241547
, 
], 
[
0.00103899406
, 
0.103899404
, 
], 
[
0.0010592303
, 
0.105923034
, 
], 
[
0.00109424361
, 
0.109424368
, 
], 
[
0.00107668072
, 
0.107668094
, 
], 
[
0.00103541219
, 
0.10354121
, 
], 
[
0.00108058087
, 
0.10805808
, 
], 
[
0.00107462448
, 
0.107462443
, 
], 
[
0.00108780537
, 
0.108780548
, 
], 
[
0.00110411
, 
0.110410996
, 
], 
[
0.00109862664
, 
0.10986267
, 
], 
[
0.00108321838
, 
0.108321838
, 
], 
[
0.0011087656
, 
0.110876575
, 
], 
[
0.00107333669
, 
0.107333675
, 
], 
[
0.00107963209
, 
0.107963197
, 
], 
[
0.00107068068
, 
0.107068077
, 
], 
[
0.00108142418
, 
0.108142421
, 
], 
[
0.00110119709
, 
0.110119715
, 
], 
[
0.00105404225
, 
0.105404221
, 
], 
[
0.00108011474
, 
0.108011477
, 
], 
[
0.00107200874
, 
0.107200876
, 
], 
[
0.00107033737
, 
0.107033744
, 
], 
[
0.00109424174
, 
0.109424181
, 
], 
[
0.00106985203
, 
0.106985211
, 
], 
[
0.00105707569
, 
0.105707586
, 
], 
[
0.00105027622
, 
0.105027638
, 
], 
[
0.0010728949
, 
0.107289493
, 
], 
[
0.00103063649
, 
0.10306365
, 
], 
[
0.00105250929
, 
0.105250932
, 
], 
[
0.00106656644
, 
0.106656633
, 
], 
[
0.00105882436
, 
0.105882443
, 
], 
[
0.00105906022
, 
0.105906017
, 
], 
[
0.00104035228
, 
0.104035236
, 
], 
[
0.00107494416
, 
0.107494406
, 
], 
[
0.0010853539
, 
0.108535394
, 
], 
[
0.00109035557
, 
0.109035552
, 
], 
[
0.00105788873
, 
0.105788872
, 
], 
[
0.00106422661
, 
0.106422655
, 
], 
[
0.00108659209
, 
0.108659223
, 
], 
[
0.00104736851
, 
0.104736857
, 
], 
[
0.00108205469
, 
0.108205467
, 
], 
[
0.00105318811
, 
0.105318822
, 
], 
[
0.0010614635
, 
0.106146365
, 
], 
[
0.00107631763
, 
0.10763178
, 
], 
[
0.00109263277
, 
0.109263293
, 
], 
[
0.00106968766
, 
0.10696876
, 
], 
[
0.0010459919
, 
0.104599178
, 
], 
[
0.00106197211
, 
0.106197216
, 
], 
[
0.00107146695
, 
0.107146688
, 
], 
[
0.00106081646
, 
0.106081627
, 
], 
[
0.0010594459
, 
0.105944589
, 
], 
[
0.00109003729
, 
0.10900373
, 
], 
[
0.00102279522
, 
0.102279529
, 
], 
[
0.00105739129
, 
0.105739124
, 
], 
[
0.00105578301
, 
0.105578311
, 
], 
[
0.00104645744
, 
0.104645759
, 
], 
[
0.00103531091
, 
0.103531092
, 
], 
[
0.00106930046
, 
0.106930047
, 
], 
[
0.00108872214
, 
0.108872205
, 
], 
[
0.00101758714
, 
0.101758718
, 
], 
[
0.0010732821
, 
0.107328229
, 
], 
[
0.00105459464
, 
0.105459467
, 
], 
[
0.00102762633
, 
0.10276264
, 
], 
[
0.00104399282
, 
0.104399286
, 
], 
], [[
0.00105504366
, 
0.105504356
, 
], 
[
0.00104184
, 
0.104183994
, 
], 
[
0.00105402502
, 
0.105402522
, 
], 
[
0.00103914691
, 
0.103914708
, 
], 
[
0.00105415168
, 
0.10541518
, 
], 
[
0.00103042799
, 
0.103042811
, 
], 
[
0.00103466329
, 
0.103466332
, 
], 
[
0.00100823143
, 
0.100823164
, 
], 
[
0.000999432872
, 
0.0999432877
, 
], 
[
0.00099991716
, 
0.0999917164
, 
], 
[
0.00105138496
, 
0.105138488
, 
], 
[
0.00101176905
, 
0.101176903
, 
], 
[
0.00106215395
, 
0.106215395
, 
], 
[
0.00106069224
, 
0.10606923
, 
], 
[
0.00105581048
, 
0.105581045
, 
], 
[
0.00103817275
, 
0.103817269
, 
], 
[
0.00106195325
, 
0.106195331
, 
], 
[
0.001042424
, 
0.104242414
, 
], 
[
0.00103959185
, 
0.10395918
, 
], 
[
0.00103205186
, 
0.103205182
, 
], 
[
0.00100438646
, 
0.100438647
, 
], 
[
0.00105749839
, 
0.105749816
, 
], 
[
0.00104307767
, 
0.104307748
, 
], 
[
0.00103770965
, 
0.103770956
, 
], 
[
0.000998730422
, 
0.0998730436
, 
], 
[
0.001025634
, 
0.102563404
, 
], 
[
0.00103980443
, 
0.103980444
, 
], 
[
0.00103222218
, 
0.103222214
, 
], 
[
0.00104579027
, 
0.104579039
, 
], 
[
0.00103210681
, 
0.103210673
, 
], 
[
0.0010349761
, 
0.103497602
, 
], 
[
0.00105743308
, 
0.105743304
, 
], 
[
0.000997408293
, 
0.099740833
, 
], 
[
0.00102236751
, 
0.102236755
, 
], 
[
0.00101540482
, 
0.101540484
, 
], 
[
0.0010088681
, 
0.100886814
, 
], 
[
0.00103105744
, 
0.103105739
, 
], 
[
0.00102634903
, 
0.102634907
, 
], 
[
0.00103053951
, 
0.103053957
, 
], 
[
0.00102868711
, 
0.102868728
, 
], 
[
0.001035369
, 
0.103536896
, 
], 
[
0.00103020784
, 
0.103020795
, 
], 
[
0.00100805785
, 
0.100805774
, 
], 
[
0.00104291795
, 
0.104291789
, 
], 
[
0.00102975522
, 
0.102975495
, 
], 
[
0.00102942542
, 
0.102942556
, 
], 
[
0.0010084759
, 
0.100847602
, 
], 
[
0.00104106916
, 
0.10410694
, 
], 
[
0.000998922
, 
0.0998922
, 
], 
[
0.000995138311
, 
0.0995138362
, 
], 
[
0.00102459593
, 
0.10245958
, 
], 
[
0.00100990129
, 
0.100990124
, 
], 
[
0.00103342254
, 
0.103342257
, 
], 
[
0.00100394769
, 
0.100394778
, 
], 
[
0.000959918369
, 
0.0959918424
, 
], 
[
0.0010086965
, 
0.100869648
, 
], 
[
0.00104367267
, 
0.104367286
, 
], 
[
0.00101537851
, 
0.101537853
, 
], 
[
0.00100566912
, 
0.100566931
, 
], 
[
0.00100144104
, 
0.100144103
, 
], 
[
0.0010123445
, 
0.101234451
, 
], 
[
0.00102213537
, 
0.102213539
, 
], 
[
0.00102004944
, 
0.10200496
, 
], 
[
0.00102197716
, 
0.102197714
, 
], 
[
0.00100998883
, 
0.100998878
, 
], 
[
0.00100264326
, 
0.100264326
, 
], 
[
0.000997853582
, 
0.0997853577
, 
], 
[
0.00100640918
, 
0.100640915
, 
], 
[
0.00101217965
, 
0.101217978
, 
], 
[
0.00101622764
, 
0.101622768
, 
], 
[
0.00102622819
, 
0.102622814
, 
], 
[
0.00101857691
, 
0.101857692
, 
], 
[
0.00101247383
, 
0.101247385
, 
], 
[
0.000996532
, 
0.0996532217
, 
], 
[
0.0010143246
, 
0.101432465
, 
], 
[
0.00100002973
, 
0.100002967
, 
], 
[
0.000996818766
, 
0.0996819
, 
], 
[
0.00101110991
, 
0.101111
, 
], 
[
0.001011958
, 
0.101195812
, 
], 
[
0.00101020327
, 
0.101020306
, 
], 
[
0.000987539534
, 
0.0987539515
, 
], 
[
0.000969560875
, 
0.0969560891
, 
], 
[
0.00103618938
, 
0.10361895
, 
], 
[
0.000978429918
, 
0.0978429839
, 
], 
[
0.000998562668
, 
0.0998562649
, 
], 
[
0.000977263786
, 
0.0977263674
, 
], 
[
0.00102173223
, 
0.102173232
, 
], 
[
0.00100299448
, 
0.100299448
, 
], 
[
0.00100661232
, 
0.100661248
, 
], 
[
0.000967579836
, 
0.0967579857
, 
], 
[
0.000991386594
, 
0.0991386846
, 
], 
[
0.000973852293
, 
0.0973852351
, 
], 
[
0.000977917109
, 
0.0977916941
, 
], 
[
0.00100391626
, 
0.100391641
, 
], 
[
0.000998050091
, 
0.0998050123
, 
], 
[
0.000962833816
, 
0.0962833837
, 
], 
[
0.000997461
, 
0.0997460932
, 
], 
[
0.000973933435
, 
0.0973933563
, 
], 
[
0.000994302332
, 
0.0994302332
, 
], 
[
0.000999434269
, 
0.0999434367
, 
], 
], [[
0.000971959846
, 
0.0971959904
, 
], 
[
0.00099388056
, 
0.0993880555
, 
], 
[
0.000995569513
, 
0.0995569676
, 
], 
[
0.000988617772
, 
0.0988617763
, 
], 
[
0.000989734
, 
0.098973386
, 
], 
[
0.000979046687
, 
0.0979046747
, 
], 
[
0.000989687862
, 
0.0989688113
, 
], 
[
0.000994839938
, 
0.099484
, 
], 
[
0.000968021224
, 
0.0968021154
, 
], 
[
0.000957698096
, 
0.0957698077
, 
], 
[
0.000967589
, 
0.0967589
, 
], 
[
0.000973427319
, 
0.0973427296
, 
], 
[
0.000962533464
, 
0.0962533578
, 
], 
[
0.000978879631
, 
0.0978879631
, 
], 
[
0.000985467224
, 
0.0985467285
, 
], 
[
0.00100081414
, 
0.100081407
, 
], 
[
0.000969486602
, 
0.0969486684
, 
], 
[
0.000983747537
, 
0.0983747542
, 
], 
[
0.00101163494
, 
0.101163514
, 
], 
[
0.000969588931
, 
0.0969588757
, 
], 
[
0.000963035796
, 
0.0963035822
, 
], 
[
0.00096854131
, 
0.0968541428
, 
], 
[
0.000959986122
, 
0.0959986076
, 
], 
[
0.000983801438
, 
0.0983801559
, 
], 
[
0.000955895521
, 
0.0955895483
, 
], 
[
0.000961121405
, 
0.0961121395
, 
], 
[
0.000970035617
, 
0.0970035568
, 
], 
[
0.000968979031
, 
0.0968979076
, 
], 
[
0.000994467759
, 
0.0994467735
, 
], 
[
0.000978071359
, 
0.0978071243
, 
], 
[
0.000975819421
, 
0.0975819454
, 
], 
[
0.000983885606
, 
0.098388575
, 
], 
[
0.000972963753
, 
0.0972963721
, 
], 
[
0.000995038
, 
0.0995037928
, 
], 
[
0.000953458075
, 
0.0953458
, 
], 
[
0.000971992675
, 
0.0971992612
, 
], 
[
0.000957959739
, 
0.0957959741
, 
], 
[
0.000960578967
, 
0.0960578844
, 
], 
[
0.000934252224
, 
0.0934252217
, 
], 
[
0.000978940632
, 
0.0978940576
, 
], 
[
0.00094497687
, 
0.0944976956
, 
], 
[
0.000959779951
, 
0.095978
, 
], 
[
0.000994623173
, 
0.0994623
, 
], 
[
0.000973221846
, 
0.0973221809
, 
], 
[
0.000967450498
, 
0.0967450514
, 
], 
[
0.000952181872
, 
0.095218204
, 
], 
[
0.000955913041
, 
0.0955913
, 
], 
[
0.000976297597
, 
0.0976297781
, 
], 
[
0.000927380286
, 
0.0927380398
, 
], 
[
0.000928025751
, 
0.0928025693
, 
], 
[
0.000957475102
, 
0.0957475156
, 
], 
[
0.000940868922
, 
0.0940868855
, 
], 
[
0.000960058125
, 
0.0960058197
, 
], 
[
0.000950542628
, 
0.0950542614
, 
], 
[
0.000958415796
, 
0.095841594
, 
], 
[
0.000954750576
, 
0.0954750627
, 
], 
[
0.00097248645
, 
0.0972486585
, 
], 
[
0.000971786852
, 
0.0971786752
, 
], 
[
0.000977962511
, 
0.0977962613
, 
], 
[
0.000941309787
, 
0.0941309705
, 
], 
[
0.000941697916
, 
0.0941697881
, 
], 
[
0.000951323425
, 
0.0951323509
, 
], 
[
0.000943680119
, 
0.0943680108
, 
], 
[
0.000929387403
, 
0.092938751
, 
], 
[
0.000971647212
, 
0.0971647203
, 
], 
[
0.000910355186
, 
0.09103553
, 
], 
[
0.000943023537
, 
0.0943023488
, 
], 
[
0.000956582138
, 
0.0956582129
, 
], 
[
0.000935638323
, 
0.0935638249
, 
], 
[
0.000967967673
, 
0.0967967808
, 
], 
[
0.000949003326
, 
0.0949003473
, 
], 
[
0.000931542367
, 
0.0931542367
, 
], 
[
0.000954709889
, 
0.0954709873
, 
], 
[
0.000934608281
, 
0.0934608281
, 
], 
[
0.000953206734
, 
0.0953206867
, 
], 
[
0.000920201768
, 
0.0920201764
, 
], 
[
0.000951824943
, 
0.0951824933
, 
], 
[
0.000920455437
, 
0.0920455456
, 
], 
[
0.000967854459
, 
0.0967854485
, 
], 
[
0.000949712819
, 
0.0949713
, 
], 
[
0.000924745516
, 
0.0924745575
, 
], 
[
0.000916257908
, 
0.0916257948
, 
], 
[
0.00093201152
, 
0.093201153
, 
], 
[
0.000937703357
, 
0.0937703475
, 
], 
[
0.000945030362
, 
0.0945030376
, 
], 
[
0.00093191996
, 
0.0931919962
, 
], 
[
0.000947983412
, 
0.0947983339
, 
], 
[
0.000959051365
, 
0.0959051326
, 
], 
[
0.000921248633
, 
0.0921248645
, 
], 
[
0.000930761686
, 
0.0930761695
, 
], 
[
0.000914355565
, 
0.0914355367
, 
], 
[
0.000921346946
, 
0.0921347
, 
], 
[
0.000931924616
, 
0.0931924507
, 
], 
[
0.000911233597
, 
0.0911233649
, 
], 
[
0.000908312271
, 
0.0908312201
, 
], 
[
0.000925558968
, 
0.092555888
, 
], 
[
0.00093371229
, 
0.0933712274
, 
], 
[
0.000947980443
, 
0.0947980434
, 
], 
[
0.000948670728
, 
0.0948670581
, 
], 
[
0.000945596315
, 
0.0945596248
, 
], 
], [[
0.000938900397
, 
0.0938900411
, 
], 
[
0.000937048695
, 
0.0937048718
, 
], 
[
0.000938417274
, 
0.0938417241
, 
], 
[
0.000964676496
, 
0.0964676589
, 
], 
[
0.000946032582
, 
0.0946032628
, 
], 
[
0.000928271853
, 
0.0928271785
, 
], 
[
0.000945156731
, 
0.0945156738
, 
], 
[
0.000911879586
, 
0.0911879689
, 
], 
[
0.000930331356
, 
0.09303312
, 
], 
[
0.000914478034
, 
0.0914477929
, 
], 
[
0.000936158758
, 
0.0936159
, 
], 
[
0.000900206331
, 
0.0900206342
, 
], 
[
0.000911123527
, 
0.091112338
, 
], 
[
0.000929764297
, 
0.092976436
, 
], 
[
0.000926389708
, 
0.0926389918
, 
], 
[
0.000914056145
, 
0.0914056301
, 
], 
[
0.000939778169
, 
0.0939778313
, 
], 
[
0.000893434626
, 
0.0893434659
, 
], 
[
0.000925733882
, 
0.092573382
, 
], 
[
0.000920213643
, 
0.0920213684
, 
], 
[
0.000889410439
, 
0.0889410526
, 
], 
[
0.000922709762
, 
0.0922709927
, 
], 
[
0.000904083892
, 
0.0904084
, 
], 
[
0.000903533772
, 
0.0903533921
, 
], 
[
0.000893730845
, 
0.0893730894
, 
], 
[
0.000910535862
, 
0.0910536
, 
], 
[
0.000914429
, 
0.0914429203
, 
], 
[
0.000891515578
, 
0.0891515538
, 
], 
[
0.000914218544
, 
0.0914218649
, 
], 
[
0.000912597112
, 
0.0912597179
, 
], 
[
0.000917037949
, 
0.0917037874
, 
], 
[
0.000938940386
, 
0.0938940272
, 
], 
[
0.000928736932
, 
0.0928736925
, 
], 
[
0.000915235607
, 
0.0915235579
, 
], 
[
0.000922957
, 
0.0922957137
, 
], 
[
0.000909303955
, 
0.0909303874
, 
], 
[
0.000884429901
, 
0.0884429887
, 
], 
[
0.000928195834
, 
0.0928195789
, 
], 
[
0.00095564028
, 
0.0955640301
, 
], 
[
0.000884233275
, 
0.0884233266
, 
], 
[
0.000908703252
, 
0.0908703282
, 
], 
[
0.000915366109
, 
0.0915366188
, 
], 
[
0.000912573247
, 
0.0912573263
, 
], 
[
0.000896276848
, 
0.0896276906
, 
], 
[
0.000905539899
, 
0.090554
, 
], 
[
0.000915868557
, 
0.091586858
, 
], 
[
0.000931792427
, 
0.0931792483
, 
], 
[
0.000882348337
, 
0.0882348493
, 
], 
[
0.000887481496
, 
0.088748157
, 
], 
[
0.0008614611
, 
0.0861460939
, 
], 
[
0.00089945615
, 
0.0899456367
, 
], 
[
0.000894419441
, 
0.0894419476
, 
], 
[
0.000870776072
, 
0.0870776176
, 
], 
[
0.000923060521
, 
0.0923060626
, 
], 
[
0.000900807907
, 
0.0900808126
, 
], 
[
0.000872051634
, 
0.0872051641
, 
], 
[
0.000869014359
, 
0.0869014412
, 
], 
[
0.000892889278
, 
0.0892889202
, 
], 
[
0.000895146106
, 
0.0895146057
, 
], 
[
0.000886918628
, 
0.0886918753
, 
], 
[
0.000903288252
, 
0.0903288126
, 
], 
[
0.000889341463
, 
0.0889341459
, 
], 
[
0.000903208042
, 
0.0903208
, 
], 
[
0.000868386822
, 
0.0868386701
, 
], 
[
0.000903943495
, 
0.0903943479
, 
], 
[
0.000893670134
, 
0.0893670246
, 
], 
[
0.000898338563
, 
0.0898338556
, 
], 
[
0.000895650825
, 
0.0895650759
, 
], 
[
0.000885681831
, 
0.0885681733
, 
], 
[
0.000886311522
, 
0.0886311606
, 
], 
[
0.000898286
, 
0.0898286104
, 
], 
[
0.000859208812
, 
0.0859208852
, 
], 
[
0.000874135
, 
0.0874135047
, 
], 
[
0.000906749337
, 
0.0906749442
, 
], 
[
0.000896789599
, 
0.089678973
, 
], 
[
0.000903816835
, 
0.0903816894
, 
], 
[
0.00087562413
, 
0.0875624195
, 
], 
[
0.000902250176
, 
0.0902250186
, 
], 
[
0.000867651368
, 
0.0867651328
, 
], 
[
0.000856784463
, 
0.0856784359
, 
], 
[
0.000898166269
, 
0.0898166224
, 
], 
[
0.000882976397
, 
0.0882976204
, 
], 
[
0.000878767052
, 
0.0878767
, 
], 
[
0.000897020334
, 
0.08970204
, 
], 
[
0.000888855371
, 
0.0888855308
, 
], 
[
0.000853955862
, 
0.0853956044
, 
], 
[
0.000873754499
, 
0.0873754472
, 
], 
[
0.00089378393
, 
0.0893784
, 
], 
[
0.000865235401
, 
0.0865235403
, 
], 
[
0.000896910729
, 
0.0896910951
, 
], 
[
0.000886497
, 
0.0886497
, 
], 
[
0.000880391162
, 
0.0880391225
, 
], 
[
0.000872424222
, 
0.0872424096
, 
], 
[
0.000884755049
, 
0.0884755
, 
], 
[
0.000869966694
, 
0.0869966745
, 
], 
[
0.000874235644
, 
0.087423563
, 
], 
[
0.000874471036
, 
0.0874470919
, 
], 
[
0.000889006245
, 
0.0889006332
, 
], 
[
0.000875627506
, 
0.0875627473
, 
], 
[
0.000858037616
, 
0.0858037621
, 
], 
], [[
0.000873739
, 
0.0873739123
, 
], 
[
0.000882251479
, 
0.0882251412
, 
], 
[
0.000874062534
, 
0.0874062404
, 
], 
[
0.00088182
, 
0.0881819949
, 
], 
[
0.000909184397
, 
0.0909184441
, 
], 
[
0.000894742
, 
0.0894741938
, 
], 
[
0.000876102888
, 
0.0876102895
, 
], 
[
0.0008623295
, 
0.0862329453
, 
], 
[
0.000878953957
, 
0.0878954
, 
], 
[
0.000859867199
, 
0.0859867334
, 
], 
[
0.00089510862
, 
0.0895108581
, 
], 
[
0.000855443766
, 
0.0855443701
, 
], 
[
0.00085667416
, 
0.0856674314
, 
], 
[
0.000862808316
, 
0.0862808377
, 
], 
[
0.00086858432
, 
0.086858429
, 
], 
[
0.000876583334
, 
0.0876583382
, 
], 
[
0.000870412914
, 
0.0870412886
, 
], 
[
0.000861415348
, 
0.0861415341
, 
], 
[
0.000861485198
, 
0.0861485228
, 
], 
[
0.000861007546
, 
0.0861007422
, 
], 
[
0.000865088194
, 
0.0865088329
, 
], 
[
0.000841250352
, 
0.0841250345
, 
], 
[
0.000843044196
, 
0.084304437
, 
], 
[
0.000862417917
, 
0.0862417817
, 
], 
[
0.000877197483
, 
0.0877197459
, 
], 
[
0.000831413083
, 
0.0831413046
, 
], 
[
0.000868205039
, 
0.0868205
, 
], 
[
0.000849530392
, 
0.0849530473
, 
], 
[
0.000859517721
, 
0.0859517753
, 
], 
[
0.000875518657
, 
0.087551862
, 
], 
[
0.000837067259
, 
0.0837067142
, 
], 
[
0.000869258074
, 
0.0869258195
, 
], 
[
0.000881239772
, 
0.0881239772
, 
], 
[
0.000836754625
, 
0.083675459
, 
], 
[
0.000864777947
, 
0.0864778
, 
], 
[
0.000864028931
, 
0.0864028856
, 
], 
[
0.000862373214
, 
0.0862373263
, 
], 
[
0.000874790654
, 
0.0874790698
, 
], 
[
0.00085009652
, 
0.0850096643
, 
], 
[
0.000878151623
, 
0.0878151804
, 
], 
[
0.000879600062
, 
0.08796
, 
], 
[
0.000826072879
, 
0.0826073
, 
], 
[
0.000832639518
, 
0.0832639486
, 
], 
[
0.000862850517
, 
0.0862850621
, 
], 
[
0.000866402697
, 
0.0866402686
, 
], 
[
0.000849422417
, 
0.0849422514
, 
], 
[
0.000855164835
, 
0.0855164826
, 
], 
[
0.000858784188
, 
0.0858784243
, 
], 
[
0.000847360177
, 
0.0847360194
, 
], 
[
0.000866630115
, 
0.0866630077
, 
], 
[
0.000853703299
, 
0.0853703171
, 
], 
[
0.000862184097
, 
0.0862184092
, 
], 
[
0.000798576744
, 
0.0798576772
, 
], 
[
0.000847364136
, 
0.0847364143
, 
], 
[
0.000862912217
, 
0.0862912238
, 
], 
[
0.0008492528
, 
0.084925279
, 
], 
[
0.000832013553
, 
0.0832013562
, 
], 
[
0.000837642583
, 
0.083764255
, 
], 
[
0.00084982597
, 
0.0849826112
, 
], 
[
0.000856090046
, 
0.085609
, 
], 
[
0.00083883456
, 
0.083883442
, 
], 
[
0.00083790283
, 
0.0837902725
, 
], 
[
0.000823955692
, 
0.0823955759
, 
], 
[
0.00084479287
, 
0.0844792947
, 
], 
[
0.000828074757
, 
0.0828074813
, 
], 
[
0.000822114816
, 
0.082211487
, 
], 
[
0.000851718418
, 
0.0851718411
, 
], 
[
0.000840995286
, 
0.0840995312
, 
], 
[
0.000835047336
, 
0.0835047364
, 
], 
[
0.000827157928
, 
0.082715787
, 
], 
[
0.000826171
, 
0.0826171041
, 
], 
[
0.000809964549
, 
0.0809964612
, 
], 
[
0.00081933703
, 
0.081933707
, 
], 
[
0.000841220084
, 
0.0841220096
, 
], 
[
0.000855629041
, 
0.0855629072
, 
], 
[
0.000849528
, 
0.0849528089
, 
], 
[
0.000856748724
, 
0.0856748819
, 
], 
[
0.000827811076
, 
0.0827811211
, 
], 
[
0.000841477362
, 
0.084147729
, 
], 
[
0.000851033779
, 
0.0851033628
, 
], 
[
0.000823286886
, 
0.0823286921
, 
], 
[
0.00083353644
, 
0.0833536386
, 
], 
[
0.000839774089
, 
0.0839774
, 
], 
[
0.000804421143
, 
0.0804421231
, 
], 
[
0.000824840099
, 
0.0824840069
, 
], 
[
0.000843084475
, 
0.0843084455
, 
], 
[
0.000817414
, 
0.0817414075
, 
], 
[
0.000837567
, 
0.0837566927
, 
], 
[
0.00084008358
, 
0.084008351
, 
], 
[
0.000850472599
, 
0.0850472525
, 
], 
[
0.000831926474
, 
0.083192654
, 
], 
[
0.000823246
, 
0.0823245943
, 
], 
[
0.000810595287
, 
0.0810595378
, 
], 
[
0.000810903
, 
0.0810902938
, 
], 
[
0.000825691037
, 
0.0825691149
, 
], 
[
0.000824204297
, 
0.0824204311
, 
], 
[
0.00081546884
, 
0.0815468952
, 
], 
[
0.000825341907
, 
0.0825341865
, 
], 
[
0.000800462032
, 
0.0800462
, 
], 
[
0.000825448136
, 
0.0825448185
, 
], 
], [[
0.000809462159
, 
0.0809462145
, 
], 
[
0.00083521154
, 
0.0835211501
, 
], 
[
0.000822292932
, 
0.0822292864
, 
], 
[
0.00084986107
, 
0.0849861
, 
], 
[
0.000826660078
, 
0.0826659948
, 
], 
[
0.000818761357
, 
0.0818761364
, 
], 
[
0.000833087717
, 
0.0833087713
, 
], 
[
0.000851498859
, 
0.0851499
, 
], 
[
0.000818689
, 
0.0818688944
, 
], 
[
0.000819546636
, 
0.081954658
, 
], 
[
0.000847630145
, 
0.0847630128
, 
], 
[
0.000852710276
, 
0.0852710381
, 
], 
[
0.000808964891
, 
0.0808964819
, 
], 
[
0.000818442437
, 
0.0818442479
, 
], 
[
0.000817408203
, 
0.0817408264
, 
], 
[
0.000819055
, 
0.0819055
, 
], 
[
0.000786881719
, 
0.0786881745
, 
], 
[
0.000793217157
, 
0.0793217197
, 
], 
[
0.00079947093
, 
0.0799470916
, 
], 
[
0.000843277783
, 
0.0843277797
, 
], 
[
0.000805162592
, 
0.0805162713
, 
], 
[
0.00081565982
, 
0.081565991
, 
], 
[
0.00082374952
, 
0.0823749378
, 
], 
[
0.000815971463
, 
0.0815971568
, 
], 
[
0.000790089427
, 
0.0790089518
, 
], 
[
0.000830622623
, 
0.0830622688
, 
], 
[
0.000802841678
, 
0.0802841634
, 
], 
[
0.000794605818
, 
0.0794605836
, 
], 
[
0.000785876065
, 
0.0785876065
, 
], 
[
0.000819481094
, 
0.081948109
, 
], 
[
0.000792057719
, 
0.0792057961
, 
], 
[
0.000817711465
, 
0.0817711502
, 
], 
[
0.000818678353
, 
0.081867829
, 
], 
[
0.000817872409
, 
0.0817872584
, 
], 
[
0.000816187297
, 
0.0816187263
, 
], 
[
0.000811545353
, 
0.0811545327
, 
], 
[
0.000814318832
, 
0.081431888
, 
], 
[
0.000810712168
, 
0.0810712203
, 
], 
[
0.000804871437
, 
0.080487147
, 
], 
[
0.000797997403
, 
0.079799749
, 
], 
[
0.000812431448
, 
0.0812431574
, 
], 
[
0.000842606416
, 
0.08426065
, 
], 
[
0.000816749409
, 
0.0816749334
, 
], 
[
0.000795746921
, 
0.0795746893
, 
], 
[
0.000802575552
, 
0.0802575499
, 
], 
[
0.000790798746
, 
0.0790798664
, 
], 
[
0.000813481631
, 
0.0813481659
, 
], 
[
0.000786625606
, 
0.0786625594
, 
], 
[
0.000803916133
, 
0.0803916231
, 
], 
[
0.000817055639
, 
0.0817055702
, 
], 
[
0.000810707919
, 
0.0810707957
, 
], 
[
0.000779877068
, 
0.0779877156
, 
], 
[
0.000781236042
, 
0.0781236
, 
], 
[
0.000801372225
, 
0.0801372156
, 
], 
[
0.000786297664
, 
0.0786297619
, 
], 
[
0.000821034831
, 
0.0821034908
, 
], 
[
0.000795596803
, 
0.0795596763
, 
], 
[
0.00079022377
, 
0.0790223852
, 
], 
[
0.00080119737
, 
0.0801197439
, 
], 
[
0.000796989363
, 
0.0796989352
, 
], 
[
0.000785143173
, 
0.0785143152
, 
], 
[
0.000786700752
, 
0.0786700845
, 
], 
[
0.000810349942
, 
0.081035
, 
], 
[
0.000817063381
, 
0.0817063376
, 
], 
[
0.000791689905
, 
0.0791689903
, 
], 
[
0.000787986675
, 
0.078798674
, 
], 
[
0.000788966427
, 
0.0788966492
, 
], 
[
0.000783532916
, 
0.0783532783
, 
], 
[
0.00079462881
, 
0.0794628859
, 
], 
[
0.000797401532
, 
0.0797401592
, 
], 
[
0.000803818402
, 
0.080381833
, 
], 
[
0.000805320218
, 
0.0805320218
, 
], 
[
0.000787146389
, 
0.0787146538
, 
], 
[
0.000773095933
, 
0.0773095861
, 
], 
[
0.000795689295
, 
0.0795689374
, 
], 
[
0.000804979762
, 
0.0804979727
, 
], 
[
0.000784688687
, 
0.0784688666
, 
], 
[
0.000823753711
, 
0.0823753774
, 
], 
[
0.000781095063
, 
0.0781095177
, 
], 
[
0.000788190111
, 
0.078819
, 
], 
[
0.000788278645
, 
0.0788278654
, 
], 
[
0.000796495413
, 
0.0796495453
, 
], 
[
0.000789920567
, 
0.0789920688
, 
], 
[
0.000781140698
, 
0.0781140774
, 
], 
[
0.000792929204
, 
0.0792929158
, 
], 
[
0.000793836429
, 
0.0793836489
, 
], 
[
0.000775035063
, 
0.0775034949
, 
], 
[
0.000806188327
, 
0.0806188285
, 
], 
[
0.000809497666
, 
0.0809497759
, 
], 
[
0.000795129
, 
0.0795129
, 
], 
[
0.000797379296
, 
0.0797379389
, 
], 
[
0.000781349838
, 
0.0781349763
, 
], 
[
0.000783397467
, 
0.0783397406
, 
], 
[
0.000804431445
, 
0.0804431513
, 
], 
[
0.000777184905
, 
0.0777184889
, 
], 
[
0.000778995804
, 
0.0778995827
, 
], 
[
0.00079706352
, 
0.0797063559
, 
], 
[
0.000790867198
, 
0.0790867209
, 
], 
[
0.000771566352
, 
0.0771566331
, 
], 
[
0.000779692375
, 
0.0779692382
, 
], 
], [[
0.000787638943
, 
0.0787639096
, 
], 
[
0.000774677785
, 
0.0774677843
, 
], 
[
0.000802841969
, 
0.0802842
, 
], 
[
0.000780666363
, 
0.0780666322
, 
], 
[
0.000823769078
, 
0.0823769048
, 
], 
[
0.00075401552
, 
0.075401552
, 
], 
[
0.00076222932
, 
0.0762229189
, 
], 
[
0.000785122858
, 
0.0785123
, 
], 
[
0.000786509889
, 
0.0786509886
, 
], 
[
0.000793232233
, 
0.0793232173
, 
], 
[
0.000753369881
, 
0.0753369853
, 
], 
[
0.000792740844
, 
0.0792740956
, 
], 
[
0.000784951961
, 
0.0784952
, 
], 
[
0.000776642759
, 
0.077664271
, 
], 
[
0.000769272912
, 
0.0769273043
, 
], 
[
0.000791286642
, 
0.0791286528
, 
], 
[
0.000762824202
, 
0.0762824193
, 
], 
[
0.00079481682
, 
0.0794816762
, 
], 
[
0.000802690571
, 
0.0802690536
, 
], 
[
0.000783871219
, 
0.0783871263
, 
], 
[
0.000759679766
, 
0.0759679824
, 
], 
[
0.000769232109
, 
0.0769232064
, 
], 
[
0.000783114228
, 
0.0783114284
, 
], 
[
0.000792283914
, 
0.0792283937
, 
], 
[
0.000781778246
, 
0.0781778097
, 
], 
[
0.000746781
, 
0.0746781081
, 
], 
[
0.000767008169
, 
0.0767008215
, 
], 
[
0.000780715
, 
0.0780715048
, 
], 
[
0.00078462885
, 
0.0784628838
, 
], 
[
0.000771076942
, 
0.0771077
, 
], 
[
0.000785201788
, 
0.0785201788
, 
], 
[
0.000792540901
, 
0.0792540833
, 
], 
[
0.000764608674
, 
0.0764608756
, 
], 
[
0.000783000782
, 
0.0783000737
, 
], 
[
0.000769465463
, 
0.0769465491
, 
], 
[
0.000777322741
, 
0.0777322799
, 
], 
[
0.000798032153
, 
0.0798032135
, 
], 
[
0.000786606513
, 
0.0786606446
, 
], 
[
0.000766424113
, 
0.0766424164
, 
], 
[
0.000762353418
, 
0.076235339
, 
], 
[
0.000786249118
, 
0.0786249116
, 
], 
[
0.000751383486
, 
0.0751383528
, 
], 
[
0.000782203395
, 
0.0782203451
, 
], 
[
0.00079056673
, 
0.0790566802
, 
], 
[
0.00075997028
, 
0.0759970322
, 
], 
[
0.000765675621
, 
0.0765675604
, 
], 
[
0.000764705066
, 
0.0764705
, 
], 
[
0.00075979362
, 
0.0759793594
, 
], 
[
0.000764864439
, 
0.076486446
, 
], 
[
0.000765013217
, 
0.0765013099
, 
], 
[
0.000760702067
, 
0.0760702
, 
], 
[
0.000757229223
, 
0.0757229179
, 
], 
[
0.00074515387
, 
0.0745153874
, 
], 
[
0.000786719262
, 
0.0786719397
, 
], 
[
0.000758963521
, 
0.0758963525
, 
], 
[
0.000768978789
, 
0.0768978894
, 
], 
[
0.000778912
, 
0.0778911859
, 
], 
[
0.00075037434
, 
0.0750374347
, 
], 
[
0.000759538903
, 
0.0759538934
, 
], 
[
0.000770672399
, 
0.0770672411
, 
], 
[
0.000749986
, 
0.0749986
, 
], 
[
0.000755642832
, 
0.0755642802
, 
], 
[
0.000770012615
, 
0.0770012662
, 
], 
[
0.000755765592
, 
0.0755765662
, 
], 
[
0.000776715402
, 
0.0776715428
, 
], 
[
0.000763208838
, 
0.0763208792
, 
], 
[
0.000735707756
, 
0.0735707879
, 
], 
[
0.000772692787
, 
0.077269271
, 
], 
[
0.000763672055
, 
0.0763672143
, 
], 
[
0.000754181121
, 
0.0754181072
, 
], 
[
0.000746609294
, 
0.074660942
, 
], 
[
0.000751480751
, 
0.0751480758
, 
], 
[
0.000756472757
, 
0.0756472796
, 
], 
[
0.00079403189
, 
0.0794031918
, 
], 
[
0.000731260574
, 
0.0731260628
, 
], 
[
0.000757976
, 
0.0757975876
, 
], 
[
0.00074395159
, 
0.0743951574
, 
], 
[
0.000745886064
, 
0.0745886043
, 
], 
[
0.000751079235
, 
0.0751079321
, 
], 
[
0.00077213248
, 
0.0772132501
, 
], 
[
0.00073578977
, 
0.0735789835
, 
], 
[
0.000751009618
, 
0.0751009583
, 
], 
[
0.000730523199
, 
0.0730523393
, 
], 
[
0.000761764823
, 
0.0761764795
, 
], 
[
0.000755723449
, 
0.0755723417
, 
], 
[
0.00072906
, 
0.072906
, 
], 
[
0.000756439171
, 
0.0756439194
, 
], 
[
0.000735964044
, 
0.0735963956
, 
], 
[
0.000732995337
, 
0.0732995346
, 
], 
[
0.00072749157
, 
0.0727491528
, 
], 
[
0.000762775424
, 
0.0762775466
, 
], 
[
0.000745779951
, 
0.0745780095
, 
], 
[
0.000726738421
, 
0.0726738423
, 
], 
[
0.000727834413
, 
0.0727834553
, 
], 
[
0.000746711448
, 
0.0746711567
, 
], 
[
0.000748126069
, 
0.074812606
, 
], 
[
0.000744001882
, 
0.074400194
, 
], 
[
0.00075543893
, 
0.0755439
, 
], 
[
0.000774165906
, 
0.0774165913
, 
], 
[
0.000758563867
, 
0.0758563876
, 
], 
], [[
0.000742881559
, 
0.0742881522
, 
], 
[
0.000742107164
, 
0.0742107108
, 
], 
[
0.000749009778
, 
0.0749009773
, 
], 
[
0.000739506737
, 
0.0739506856
, 
], 
[
0.000754714827
, 
0.0754714832
, 
], 
[
0.000748213439
, 
0.0748213455
, 
], 
[
0.000751428539
, 
0.075142853
, 
], 
[
0.000722043624
, 
0.0722043589
, 
], 
[
0.000756388181
, 
0.0756388232
, 
], 
[
0.000740886375
, 
0.074088648
, 
], 
[
0.000743291457
, 
0.0743291527
, 
], 
[
0.000759890478
, 
0.0759890452
, 
], 
[
0.00075841014
, 
0.0758410171
, 
], 
[
0.000733310066
, 
0.0733310208
, 
], 
[
0.000738940667
, 
0.0738940686
, 
], 
[
0.000743573764
, 
0.074357383
, 
], 
[
0.000729874533
, 
0.0729874521
, 
], 
[
0.000746623264
, 
0.0746623278
, 
], 
[
0.000743806711
, 
0.0743806809
, 
], 
[
0.000744141405
, 
0.074414134
, 
], 
[
0.000745383
, 
0.0745383
, 
], 
[
0.000717828865
, 
0.0717828944
, 
], 
[
0.000730995089
, 
0.0730995
, 
], 
[
0.000728572602
, 
0.0728572607
, 
], 
[
0.000720686454
, 
0.0720686391
, 
], 
[
0.000732580724
, 
0.0732580721
, 
], 
[
0.000740004762
, 
0.0740004778
, 
], 
[
0.000742214441
, 
0.0742214471
, 
], 
[
0.000743492099
, 
0.0743492171
, 
], 
[
0.000754659646
, 
0.0754659623
, 
], 
[
0.000730042579
, 
0.0730042458
, 
], 
[
0.000714788737
, 
0.0714788735
, 
], 
[
0.00073504087
, 
0.0735041
, 
], 
[
0.000729699386
, 
0.0729699433
, 
], 
[
0.00072534
, 
0.0725339949
, 
], 
[
0.000731950393
, 
0.0731950402
, 
], 
[
0.000746247882
, 
0.0746248
, 
], 
[
0.000748639228
, 
0.0748639107
, 
], 
[
0.000727005186
, 
0.0727005228
, 
], 
[
0.000739853713
, 
0.073985368
, 
], 
[
0.000746479
, 
0.0746479109
, 
], 
[
0.000745323952
, 
0.0745324045
, 
], 
[
0.000743017881
, 
0.0743017942
, 
], 
[
0.000714776688
, 
0.0714776665
, 
], 
[
0.000743767829
, 
0.0743767917
, 
], 
[
0.000732379849
, 
0.0732379854
, 
], 
[
0.000751762243
, 
0.0751762167
, 
], 
[
0.000727887673
, 
0.0727887675
, 
], 
[
0.000733477238
, 
0.073347725
, 
], 
[
0.00076074549
, 
0.0760745481
, 
], 
[
0.000752462947
, 
0.0752462894
, 
], 
[
0.000731441949
, 
0.07314419
, 
], 
[
0.000749825966
, 
0.0749826
, 
], 
[
0.000760734081
, 
0.0760734156
, 
], 
[
0.000712778361
, 
0.0712778419
, 
], 
[
0.000716236245
, 
0.0716236234
, 
], 
[
0.000733437308
, 
0.0733437389
, 
], 
[
0.000733158435
, 
0.0733158365
, 
], 
[
0.000733332185
, 
0.0733332187
, 
], 
[
0.000751605548
, 
0.0751605555
, 
], 
[
0.000745291298
, 
0.0745291188
, 
], 
[
0.000725372636
, 
0.0725372732
, 
], 
[
0.000737038383
, 
0.0737038404
, 
], 
[
0.000730036816
, 
0.073003687
, 
], 
[
0.000730602536
, 
0.0730602518
, 
], 
[
0.000710284
, 
0.0710284
, 
], 
[
0.000732545741
, 
0.0732545704
, 
], 
[
0.00071830221
, 
0.0718302056
, 
], 
[
0.000726770842
, 
0.0726770908
, 
], 
[
0.000730331114
, 
0.0730331168
, 
], 
[
0.000721811666
, 
0.0721811801
, 
], 
[
0.000738905219
, 
0.0738905296
, 
], 
[
0.000713256246
, 
0.0713256225
, 
], 
[
0.00076222216
, 
0.0762222
, 
], 
[
0.000721557648
, 
0.0721557736
, 
], 
[
0.000721856777
, 
0.0721856728
, 
], 
[
0.000729697582
, 
0.072969757
, 
], 
[
0.000717661635
, 
0.0717661604
, 
], 
[
0.000721307
, 
0.0721307
, 
], 
[
0.000746192411
, 
0.0746192336
, 
], 
[
0.000726984814
, 
0.0726984888
, 
], 
[
0.000723769306
, 
0.0723769292
, 
], 
[
0.000719712873
, 
0.0719713
, 
], 
[
0.000716754817
, 
0.0716754869
, 
], 
[
0.000714848167
, 
0.0714848116
, 
], 
[
0.000718826312
, 
0.0718826279
, 
], 
[
0.00070303923
, 
0.0703039244
, 
], 
[
0.000712794485
, 
0.0712794438
, 
], 
[
0.000717454241
, 
0.0717454404
, 
], 
[
0.000697508396
, 
0.0697508454
, 
], 
[
0.00071837788
, 
0.0718378052
, 
], 
[
0.000708513835
, 
0.0708513781
, 
], 
[
0.000719041913
, 
0.0719041899
, 
], 
[
0.000704815204
, 
0.0704815164
, 
], 
[
0.00071103411
, 
0.0711034
, 
], 
[
0.000718510186
, 
0.0718510151
, 
], 
[
0.000709570246
, 
0.0709570348
, 
], 
[
0.00073266949
, 
0.0732669532
, 
], 
[
0.000729460327
, 
0.0729460418
, 
], 
[
0.000714570167
, 
0.0714570135
, 
], 
], [[
0.000723960751
, 
0.0723960772
, 
], 
[
0.000718514435
, 
0.0718514398
, 
], 
[
0.0007140456
, 
0.0714045614
, 
], 
[
0.000725049467
, 
0.0725049525
, 
], 
[
0.000721430115
, 
0.0721430182
, 
], 
[
0.000686327461
, 
0.0686327517
, 
], 
[
0.0007039677
, 
0.0703967735
, 
], 
[
0.000724492071
, 
0.0724492073
, 
], 
[
0.000729365449
, 
0.0729365498
, 
], 
[
0.000707645551
, 
0.0707645565
, 
], 
[
0.000713455782
, 
0.0713455752
, 
], 
[
0.000721816497
, 
0.072181657
, 
], 
[
0.00069586304
, 
0.0695863068
, 
], 
[
0.000726856291
, 
0.0726856366
, 
], 
[
0.000716990849
, 
0.0716991
, 
], 
[
0.000701931305
, 
0.0701931417
, 
], 
[
0.000710002438
, 
0.0710002333
, 
], 
[
0.000702439633
, 
0.0702439621
, 
], 
[
0.000732474087
, 
0.0732474
, 
], 
[
0.000706926279
, 
0.0706926212
, 
], 
[
0.000688734581
, 
0.0688734651
, 
], 
[
0.000725163554
, 
0.0725163668
, 
], 
[
0.000686849409
, 
0.0686849579
, 
], 
[
0.000678524
, 
0.0678524077
, 
], 
[
0.000718846277
, 
0.0718846321
, 
], 
[
0.000695631
, 
0.0695631057
, 
], 
[
0.000698798278
, 
0.0698798299
, 
], 
[
0.000713449786
, 
0.0713449791
, 
], 
[
0.000711368
, 
0.071136795
, 
], 
[
0.000718872587
, 
0.0718872696
, 
], 
[
0.000719356642
, 
0.0719356686
, 
], 
[
0.000716459821
, 
0.07164599
, 
], 
[
0.000721859571
, 
0.0721859559
, 
], 
[
0.000728881918
, 
0.0728881955
, 
], 
[
0.000727827603
, 
0.0727827623
, 
], 
[
0.000735584938
, 
0.0735584944
, 
], 
[
0.000709516054
, 
0.0709516
, 
], 
[
0.000694460468
, 
0.0694460422
, 
], 
[
0.000726631843
, 
0.072663188
, 
], 
[
0.000704953854
, 
0.0704954
, 
], 
[
0.000712727604
, 
0.0712727606
, 
], 
[
0.000704075152
, 
0.0704075173
, 
], 
[
0.00069977605
, 
0.0699776039
, 
], 
[
0.000716627925
, 
0.0716627911
, 
], 
[
0.000707659
, 
0.0707659051
, 
], 
[
0.00070389238
, 
0.070389241
, 
], 
[
0.000707543571
, 
0.0707543641
, 
], 
[
0.000727649778
, 
0.0727649927
, 
], 
[
0.000706278894
, 
0.0706278756
, 
], 
[
0.000705632498
, 
0.0705632493
, 
], 
[
0.000699318072
, 
0.0699318126
, 
], 
[
0.000703213969
, 
0.070321396
, 
], 
[
0.000700663833
, 
0.0700663924
, 
], 
[
0.000686306797
, 
0.0686306879
, 
], 
[
0.000691447407
, 
0.0691447407
, 
], 
[
0.000694167218
, 
0.0694167316
, 
], 
[
0.000706226332
, 
0.0706226304
, 
], 
[
0.000704650651
, 
0.0704650655
, 
], 
[
0.000690299086
, 
0.0690299198
, 
], 
[
0.000704577658
, 
0.0704577714
, 
], 
[
0.000679750112
, 
0.0679750219
, 
], 
[
0.000695348775
, 
0.0695348755
, 
], 
[
0.000715420523
, 
0.0715420544
, 
], 
[
0.000684448343
, 
0.0684448257
, 
], 
[
0.00069410383
, 
0.0694103912
, 
], 
[
0.000694089103
, 
0.0694089234
, 
], 
[
0.000699937867
, 
0.0699937865
, 
], 
[
0.000710128283
, 
0.0710128248
, 
], 
[
0.000711915782
, 
0.0711915791
, 
], 
[
0.000706769293
, 
0.0706769302
, 
], 
[
0.000716154638
, 
0.071615465
, 
], 
[
0.000695558148
, 
0.0695558041
, 
], 
[
0.000676636526
, 
0.0676636472
, 
], 
[
0.000691077264
, 
0.0691077188
, 
], 
[
0.000708309817
, 
0.0708309785
, 
], 
[
0.000712415611
, 
0.0712415576
, 
], 
[
0.000703444879
, 
0.0703445
, 
], 
[
0.000694446964
, 
0.0694446936
, 
], 
[
0.000693665
, 
0.0693665
, 
], 
[
0.000686261337
, 
0.068626143
, 
], 
[
0.000690843
, 
0.0690843
, 
], 
[
0.000704824808
, 
0.0704824775
, 
], 
[
0.000708131411
, 
0.0708131492
, 
], 
[
0.000700394856
, 
0.0700394958
, 
], 
[
0.000701758836
, 
0.0701758862
, 
], 
[
0.000686801563
, 
0.0686801523
, 
], 
[
0.000691158406
, 
0.0691158473
, 
], 
[
0.000689110369
, 
0.0689110383
, 
], 
[
0.000688161468
, 
0.0688161477
, 
], 
[
0.000704749778
, 
0.0704749823
, 
], 
[
0.000692571222
, 
0.0692571253
, 
], 
[
0.00070405443
, 
0.0704054385
, 
], 
[
0.000688398082
, 
0.0688398108
, 
], 
[
0.000694516581
, 
0.0694516525
, 
], 
[
0.00067948323
, 
0.0679483339
, 
], 
[
0.000696393719
, 
0.0696393624
, 
], 
[
0.000679046265
, 
0.0679046363
, 
], 
[
0.000692366797
, 
0.069236666
, 
], 
[
0.000679029792
, 
0.0679029897
, 
], 
[
0.000708149397
, 
0.0708149374
, 
], 
], ]