[[[
0.00461007748
, 
0.461007684
, 
], 
[
0.00460760575
, 
0.460760653
, 
], 
[
0.00455364492
, 
0.455364555
, 
], 
[
0.0045177904
, 
0.451779068
, 
], 
[
0.00456279935
, 
0.456279963
, 
], 
[
0.004437475
, 
0.44374755
, 
], 
[
0.00438898196
, 
0.438898176
, 
], 
[
0.00429996056
, 
0.429996073
, 
], 
[
0.00434810668
, 
0.434810698
, 
], 
[
0.00418876065
, 
0.418876112
, 
], 
[
0.0040823
, 
0.408229947
, 
], 
[
0.00400137436
, 
0.400137454
, 
], 
[
0.00392083032
, 
0.392083019
, 
], 
[
0.00384810544
, 
0.384810627
, 
], 
[
0.00381178758
, 
0.381178766
, 
], 
[
0.00368750212
, 
0.368750244
, 
], 
[
0.00363143487
, 
0.363143474
, 
], 
[
0.0035645077
, 
0.356450796
, 
], 
[
0.00354979374
, 
0.354979396
, 
], 
[
0.00347781857
, 
0.347781867
, 
], 
[
0.00343111367
, 
0.343111396
, 
], 
[
0.00343995797
, 
0.34399581
, 
], 
[
0.00339467428
, 
0.339467436
, 
], 
[
0.00338618271
, 
0.338618279
, 
], 
[
0.00339997397
, 
0.339997411
, 
], 
[
0.00331101334
, 
0.331101328
, 
], 
[
0.00332725677
, 
0.332725704
, 
], 
[
0.00331177283
, 
0.331177294
, 
], 
[
0.00328297354
, 
0.328297377
, 
], 
[
0.00325817312
, 
0.325817287
, 
], 
[
0.00327248755
, 
0.327248722
, 
], 
[
0.00330697908
, 
0.330697924
, 
], 
[
0.00324700912
, 
0.324700922
, 
], 
[
0.00317705818
, 
0.31770578
, 
], 
[
0.00318901171
, 
0.318901181
, 
], 
[
0.00320110796
, 
0.320110798
, 
], 
[
0.00318149407
, 
0.318149388
, 
], 
[
0.00312158326
, 
0.312158287
, 
], 
[
0.00311693363
, 
0.31169337
, 
], 
[
0.0030927253
, 
0.309272528
, 
], 
[
0.00306943851
, 
0.306943893
, 
], 
[
0.00301591842
, 
0.301591843
, 
], 
[
0.00297177117
, 
0.297177136
, 
], 
[
0.00298306858
, 
0.298306912
, 
], 
[
0.00289466255
, 
0.289466232
, 
], 
[
0.00295848679
, 
0.295848697
, 
], 
[
0.00288046524
, 
0.288046539
, 
], 
[
0.00287687546
, 
0.2876876
, 
], 
[
0.00286586722
, 
0.286586732
, 
], 
[
0.00280985632
, 
0.280985683
, 
], 
[
0.00280707912
, 
0.280707955
, 
], 
[
0.00276047736
, 
0.276047736
, 
], 
[
0.00275473972
, 
0.275473952
, 
], 
[
0.00272210944
, 
0.272210926
, 
], 
[
0.00268678321
, 
0.268678337
, 
], 
[
0.00267565926
, 
0.267565936
, 
], 
[
0.00265673501
, 
0.265673518
, 
], 
[
0.00262637786
, 
0.262637794
, 
], 
[
0.00261647371
, 
0.261647344
, 
], 
[
0.0026435249
, 
0.264352471
, 
], 
[
0.00259849126
, 
0.259849101
, 
], 
[
0.00259032985
, 
0.259033
, 
], 
[
0.00255370582
, 
0.255370557
, 
], 
[
0.00256310962
, 
0.25631094
, 
], 
[
0.0025326137
, 
0.253261358
, 
], 
[
0.00252237218
, 
0.252237201
, 
], 
[
0.00252701365
, 
0.252701402
, 
], 
[
0.00250236341
, 
0.250236332
, 
], 
[
0.00250422582
, 
0.250422597
, 
], 
[
0.00250274525
, 
0.250274509
, 
], 
[
0.00247880374
, 
0.247880369
, 
], 
[
0.0024756128
, 
0.247561276
, 
], 
[
0.00245082937
, 
0.245082945
, 
], 
[
0.00244625052
, 
0.244625047
, 
], 
[
0.00243860087
, 
0.243860126
, 
], 
[
0.00245362101
, 
0.245362103
, 
], 
[
0.00243082154
, 
0.243082151
, 
], 
[
0.00242549879
, 
0.242549852
, 
], 
[
0.00243300432
, 
0.243300423
, 
], 
[
0.00242266036
, 
0.242266014
, 
], 
[
0.0024301568
, 
0.243015692
, 
], 
[
0.00238381163
, 
0.238381132
, 
], 
[
0.00238130661
, 
0.238130704
, 
], 
[
0.00235162303
, 
0.235162333
, 
], 
[
0.00237346115
, 
0.237346143
, 
], 
[
0.00238533574
, 
0.238533571
, 
], 
[
0.00237010885
, 
0.237010881
, 
], 
[
0.00233473838
, 
0.233473882
, 
], 
[
0.00233285571
, 
0.233285576
, 
], 
[
0.0023099375
, 
0.230993733
, 
], 
[
0.00232206262
, 
0.232206255
, 
], 
[
0.00232405681
, 
0.232405648
, 
], 
[
0.00230029109
, 
0.230029076
, 
], 
[
0.00233636377
, 
0.233636394
, 
], 
[
0.00230438681
, 
0.230438694
, 
], 
[
0.00229312782
, 
0.229312778
, 
], 
[
0.00229813694
, 
0.229813725
, 
], 
[
0.00228411355
, 
0.228411376
, 
], 
[
0.00228363369
, 
0.228363395
, 
], 
[
0.00227045012
, 
0.227044985
, 
], 
], [[
0.00227039633
, 
0.227039635
, 
], 
[
0.00223621074
, 
0.223621085
, 
], 
[
0.00224100938
, 
0.224100962
, 
], 
[
0.00222254964
, 
0.222254977
, 
], 
[
0.00222661602
, 
0.222661629
, 
], 
[
0.00221797754
, 
0.221797779
, 
], 
[
0.00223277579
, 
0.223277554
, 
], 
[
0.0022039453
, 
0.220394567
, 
], 
[
0.00220338395
, 
0.220338434
, 
], 
[
0.00219993293
, 
0.219993338
, 
], 
[
0.00219196104
, 
0.219196081
, 
], 
[
0.00220465218
, 
0.220465198
, 
], 
[
0.00222128653
, 
0.222128674
, 
], 
[
0.00216179574
, 
0.216179579
, 
], 
[
0.00218014349
, 
0.218014374
, 
], 
[
0.00218565459
, 
0.218565464
, 
], 
[
0.00216653012
, 
0.216652974
, 
], 
[
0.00216531963
, 
0.216531962
, 
], 
[
0.0021596828
, 
0.215968311
, 
], 
[
0.00214818772
, 
0.214818776
, 
], 
[
0.00214824476
, 
0.214824498
, 
], 
[
0.00212351745
, 
0.212351754
, 
], 
[
0.0021160508
, 
0.211605042
, 
], 
[
0.00210245163
, 
0.210245177
, 
], 
[
0.00212873123
, 
0.212873131
, 
], 
[
0.00212886604
, 
0.212886617
, 
], 
[
0.00212704297
, 
0.212704301
, 
], 
[
0.00214055949
, 
0.214055955
, 
], 
[
0.00210247724
, 
0.210247725
, 
], 
[
0.00212222384
, 
0.212222382
, 
], 
[
0.00207783561
, 
0.207783565
, 
], 
[
0.00209734496
, 
0.209734544
, 
], 
[
0.00209263829
, 
0.209263831
, 
], 
[
0.00209710072
, 
0.209710076
, 
], 
[
0.00206586369
, 
0.206586391
, 
], 
[
0.00207998324
, 
0.207998306
, 
], 
[
0.00208082749
, 
0.208082736
, 
], 
[
0.00204050471
, 
0.204050452
, 
], 
[
0.00207112497
, 
0.207112506
, 
], 
[
0.00206271769
, 
0.206271768
, 
], 
[
0.00206380081
, 
0.206380054
, 
], 
[
0.00208267709
, 
0.208267733
, 
], 
[
0.00205742521
, 
0.205742553
, 
], 
[
0.00205141166
, 
0.205141157
, 
], 
[
0.00205318
, 
0.205317989
, 
], 
[
0.00204655388
, 
0.204655364
, 
], 
[
0.00201926311
, 
0.201926291
, 
], 
[
0.00200722367
, 
0.200722367
, 
], 
[
0.00201735273
, 
0.201735273
, 
], 
[
0.00201524538
, 
0.201524541
, 
], 
[
0.00201443885
, 
0.201443881
, 
], 
[
0.00202477677
, 
0.202477679
, 
], 
[
0.00199810299
, 
0.199810281
, 
], 
[
0.00198627
, 
0.19862704
, 
], 
[
0.00199089875
, 
0.199089855
, 
], 
[
0.00200193166
, 
0.200193182
, 
], 
[
0.00198321138
, 
0.198321119
, 
], 
[
0.0020121939
, 
0.20121944
, 
], 
[
0.00198105932
, 
0.198105946
, 
], 
[
0.00196786551
, 
0.196786553
, 
], 
[
0.00196254137
, 
0.196254164
, 
], 
[
0.00198786124
, 
0.198786125
, 
], 
[
0.00197596592
, 
0.197596624
, 
], 
[
0.00196928321
, 
0.196928337
, 
], 
[
0.00194530492
, 
0.194530502
, 
], 
[
0.00198071264
, 
0.198071241
, 
], 
[
0.00196892465
, 
0.196892485
, 
], 
[
0.00197258824
, 
0.197258785
, 
], 
[
0.00195645122
, 
0.195645124
, 
], 
[
0.0019337663
, 
0.193376631
, 
], 
[
0.00197538105
, 
0.197538093
, 
], 
[
0.00194009091
, 
0.194009051
, 
], 
[
0.00189235632
, 
0.189235672
, 
], 
[
0.0019304686
, 
0.193046853
, 
], 
[
0.00194933
, 
0.194933
, 
], 
[
0.00190871581
, 
0.190871596
, 
], 
[
0.00190071168
, 
0.19007118
, 
], 
[
0.0018829013
, 
0.188290119
, 
], 
[
0.00186502363
, 
0.186502397
, 
], 
[
0.00188325613
, 
0.188325629
, 
], 
[
0.00188557315
, 
0.188557297
, 
], 
[
0.0018798525
, 
0.187985256
, 
], 
[
0.00186370534
, 
0.186370581
, 
], 
[
0.00188510621
, 
0.188510612
, 
], 
[
0.00185046822
, 
0.185046822
, 
], 
[
0.00188899972
, 
0.188899979
, 
], 
[
0.00187040924
, 
0.18704094
, 
], 
[
0.00186493772
, 
0.186493739
, 
], 
[
0.00184342894
, 
0.184342891
, 
], 
[
0.00186748372
, 
0.1867484
, 
], 
[
0.00185402844
, 
0.18540284
, 
], 
[
0.00184417784
, 
0.184417769
, 
], 
[
0.00182202808
, 
0.182202831
, 
], 
[
0.00182548119
, 
0.182548121
, 
], 
[
0.00186578312
, 
0.186578333
, 
], 
[
0.00182014063
, 
0.182014063
, 
], 
[
0.00183238334
, 
0.183238357
, 
], 
[
0.00183904346
, 
0.183904335
, 
], 
[
0.0018285024
, 
0.182850227
, 
], 
[
0.00182661042
, 
0.182661042
, 
], 
], [[
0.00182449329
, 
0.182449341
, 
], 
[
0.00177742098
, 
0.177742124
, 
], 
[
0.00178963807
, 
0.178963825
, 
], 
[
0.00178492058
, 
0.178492054
, 
], 
[
0.00178678741
, 
0.178678721
, 
], 
[
0.00180270546
, 
0.180270553
, 
], 
[
0.00180001417
, 
0.180001438
, 
], 
[
0.00176958158
, 
0.176958129
, 
], 
[
0.00177963823
, 
0.177963853
, 
], 
[
0.00177375134
, 
0.177375153
, 
], 
[
0.00174912764
, 
0.174912751
, 
], 
[
0.00174523867
, 
0.17452386
, 
], 
[
0.00174888095
, 
0.174888089
, 
], 
[
0.00176397979
, 
0.176397979
, 
], 
[
0.00174139172
, 
0.174139172
, 
], 
[
0.00172225654
, 
0.172225639
, 
], 
[
0.00175329903
, 
0.175329894
, 
], 
[
0.00173733034
, 
0.173733026
, 
], 
[
0.00174240943
, 
0.174240932
, 
], 
[
0.00171595241
, 
0.171595246
, 
], 
[
0.00170485349
, 
0.170485348
, 
], 
[
0.00172874029
, 
0.172874048
, 
], 
[
0.00172038737
, 
0.172038764
, 
], 
[
0.00172736403
, 
0.172736406
, 
], 
[
0.00170497224
, 
0.170497224
, 
], 
[
0.0016963355
, 
0.169633538
, 
], 
[
0.00167124928
, 
0.167124942
, 
], 
[
0.0016925825
, 
0.169258252
, 
], 
[
0.00169239938
, 
0.169239938
, 
], 
[
0.0016814277
, 
0.168142796
, 
], 
[
0.00171023
, 
0.171023
, 
], 
[
0.00167857506
, 
0.167857498
, 
], 
[
0.00165945559
, 
0.16594553
, 
], 
[
0.00168040965
, 
0.168040961
, 
], 
[
0.00164320343
, 
0.16432035
, 
], 
[
0.00166552642
, 
0.166552633
, 
], 
[
0.00165918667
, 
0.165918648
, 
], 
[
0.00165539398
, 
0.165539384
, 
], 
[
0.00162992359
, 
0.162992358
, 
], 
[
0.00164063368
, 
0.164063379
, 
], 
[
0.0016419607
, 
0.164196059
, 
], 
[
0.00164248573
, 
0.164248586
, 
], 
[
0.00161708507
, 
0.161708504
, 
], 
[
0.00163836242
, 
0.163836226
, 
], 
[
0.00160017947
, 
0.160017967
, 
], 
[
0.001638068
, 
0.163806826
, 
], 
[
0.0016055794
, 
0.160557941
, 
], 
[
0.00158933038
, 
0.158933058
, 
], 
[
0.00158971944
, 
0.158971965
, 
], 
[
0.00160459534
, 
0.160459548
, 
], 
[
0.00158597925
, 
0.158597946
, 
], 
[
0.00161491788
, 
0.161491796
, 
], 
[
0.00161161472
, 
0.161161467
, 
], 
[
0.00156802253
, 
0.156802237
, 
], 
[
0.0015779169
, 
0.157791704
, 
], 
[
0.00158080691
, 
0.158080697
, 
], 
[
0.0015778594
, 
0.157785937
, 
], 
[
0.00158013159
, 
0.158013165
, 
], 
[
0.00155597471
, 
0.155597463
, 
], 
[
0.00155659346
, 
0.155659333
, 
], 
[
0.00153751951
, 
0.153751954
, 
], 
[
0.00154989609
, 
0.1549896
, 
], 
[
0.00154325645
, 
0.154325664
, 
], 
[
0.00153769529
, 
0.153769538
, 
], 
[
0.00153430097
, 
0.153430089
, 
], 
[
0.00154060929
, 
0.15406096
, 
], 
[
0.00153717841
, 
0.153717846
, 
], 
[
0.00154021918
, 
0.154021919
, 
], 
[
0.00152828032
, 
0.152828053
, 
], 
[
0.0015425086
, 
0.154250875
, 
], 
[
0.00152407843
, 
0.15240787
, 
], 
[
0.00148179743
, 
0.14817974
, 
], 
[
0.00152993517
, 
0.1529935
, 
], 
[
0.00149346597
, 
0.149346605
, 
], 
[
0.00149916136
, 
0.149916127
, 
], 
[
0.00147821323
, 
0.147821307
, 
], 
[
0.00151276146
, 
0.151276127
, 
], 
[
0.00150237291
, 
0.150237277
, 
], 
[
0.00148536044
, 
0.148536041
, 
], 
[
0.00149092451
, 
0.149092436
, 
], 
[
0.00148864719
, 
0.148864731
, 
], 
[
0.00147768902
, 
0.14776893
, 
], 
[
0.00150382391
, 
0.150382414
, 
], 
[
0.00146315573
, 
0.146315575
, 
], 
[
0.00147143961
, 
0.147143975
, 
], 
[
0.00147013238
, 
0.147013262
, 
], 
[
0.00146858592
, 
0.146858573
, 
], 
[
0.00146213511
, 
0.146213502
, 
], 
[
0.00147707423
, 
0.147707418
, 
], 
[
0.00146735436
, 
0.14673543
, 
], 
[
0.00144192425
, 
0.144192412
, 
], 
[
0.0014598493
, 
0.145984933
, 
], 
[
0.00146165641
, 
0.146165654
, 
], 
[
0.00145936362
, 
0.14593637
, 
], 
[
0.0014557679
, 
0.145576805
, 
], 
[
0.00145463762
, 
0.14546375
, 
], 
[
0.00144140213
, 
0.144140229
, 
], 
[
0.00142390921
, 
0.142390922
, 
], 
[
0.00144732709
, 
0.144732714
, 
], 
[
0.00144561555
, 
0.144561559
, 
], 
], [[
0.00141621777
, 
0.141621768
, 
], 
[
0.00143522443
, 
0.143522441
, 
], 
[
0.00143008109
, 
0.143008098
, 
], 
[
0.00140092662
, 
0.140092641
, 
], 
[
0.00142289186
, 
0.142289191
, 
], 
[
0.00143154443
, 
0.143154427
, 
], 
[
0.00141866901
, 
0.141866922
, 
], 
[
0.00140427088
, 
0.140427068
, 
], 
[
0.00141419121
, 
0.141419128
, 
], 
[
0.0014174222
, 
0.1417422
, 
], 
[
0.00139602949
, 
0.139602959
, 
], 
[
0.00140285888
, 
0.140285894
, 
], 
[
0.00138778798
, 
0.138778791
, 
], 
[
0.00140686415
, 
0.140686408
, 
], 
[
0.00138492475
, 
0.138492465
, 
], 
[
0.00139836536
, 
0.139836535
, 
], 
[
0.0014081276
, 
0.140812755
, 
], 
[
0.00139865524
, 
0.139865518
, 
], 
[
0.00138129748
, 
0.138129741
, 
], 
[
0.0013754823
, 
0.137548238
, 
], 
[
0.0013795757
, 
0.137957573
, 
], 
[
0.00137677114
, 
0.137677133
, 
], 
[
0.00137507985
, 
0.13750799
, 
], 
[
0.00136642286
, 
0.136642292
, 
], 
[
0.00137265609
, 
0.137265608
, 
], 
[
0.00137982203
, 
0.137982219
, 
], 
[
0.00136441167
, 
0.136441171
, 
], 
[
0.0013610922
, 
0.136109218
, 
], 
[
0.00136327487
, 
0.136327475
, 
], 
[
0.00135317014
, 
0.135317013
, 
], 
[
0.0013475
, 
0.134750023
, 
], 
[
0.00136496988
, 
0.136496991
, 
], 
[
0.00136090338
, 
0.136090338
, 
], 
[
0.00136266695
, 
0.136266693
, 
], 
[
0.00133130059
, 
0.133130074
, 
], 
[
0.00133881043
, 
0.133881047
, 
], 
[
0.00133642741
, 
0.133642748
, 
], 
[
0.00135478587
, 
0.135478601
, 
], 
[
0.00134438637
, 
0.134438634
, 
], 
[
0.00133530668
, 
0.133530676
, 
], 
[
0.0013357969
, 
0.133579701
, 
], 
[
0.0013251
, 
0.132509977
, 
], 
[
0.00134087424
, 
0.134087428
, 
], 
[
0.00132406352
, 
0.132406354
, 
], 
[
0.00132223114
, 
0.132223114
, 
], 
[
0.00131999
, 
0.131998986
, 
], 
[
0.00132201146
, 
0.13220115
, 
], 
[
0.00131869374
, 
0.131869376
, 
], 
[
0.00132590579
, 
0.132590592
, 
], 
[
0.0013313524
, 
0.133135229
, 
], 
[
0.00130717398
, 
0.130717412
, 
], 
[
0.00131631817
, 
0.131631806
, 
], 
[
0.00130242819
, 
0.130242795
, 
], 
[
0.00129058154
, 
0.129058123
, 
], 
[
0.00129076769
, 
0.129076764
, 
], 
[
0.0012932471
, 
0.129324734
, 
], 
[
0.00127603859
, 
0.127603874
, 
], 
[
0.00128495018
, 
0.128495038
, 
], 
[
0.00128463027
, 
0.128463015
, 
], 
[
0.0012909756
, 
0.129097566
, 
], 
[
0.00128665217
, 
0.128665209
, 
], 
[
0.00129631872
, 
0.129631862
, 
], 
[
0.00126742758
, 
0.126742765
, 
], 
[
0.00127839041
, 
0.127839014
, 
], 
[
0.0012673306
, 
0.12673308
, 
], 
[
0.00127184007
, 
0.127183989
, 
], 
[
0.00125642028
, 
0.125642031
, 
], 
[
0.00126834831
, 
0.126834825
, 
], 
[
0.00126644096
, 
0.12664409
, 
], 
[
0.00123299775
, 
0.123299792
, 
], 
[
0.00124802266
, 
0.124802291
, 
], 
[
0.00125964114
, 
0.125964105
, 
], 
[
0.00125359709
, 
0.125359699
, 
], 
[
0.00125026517
, 
0.125026539
, 
], 
[
0.00126265443
, 
0.126265451
, 
], 
[
0.00126582559
, 
0.126582548
, 
], 
[
0.00125412655
, 
0.125412673
, 
], 
[
0.00127285044
, 
0.127285063
, 
], 
[
0.00126003555
, 
0.126003549
, 
], 
[
0.00124684558
, 
0.124684572
, 
], 
[
0.00123893458
, 
0.123893477
, 
], 
[
0.00123506109
, 
0.123506099
, 
], 
[
0.00123168307
, 
0.123168312
, 
], 
[
0.00123530871
, 
0.123530865
, 
], 
[
0.00123567798
, 
0.12356782
, 
], 
[
0.00122108113
, 
0.122108117
, 
], 
[
0.0012374525
, 
0.123745255
, 
], 
[
0.00121857203
, 
0.121857211
, 
], 
[
0.00123020203
, 
0.123020209
, 
], 
[
0.00121940067
, 
0.121940069
, 
], 
[
0.00122218451
, 
0.12221846
, 
], 
[
0.00121344789
, 
0.121344797
, 
], 
[
0.00122683228
, 
0.122683227
, 
], 
[
0.00120728568
, 
0.120728567
, 
], 
[
0.00121767027
, 
0.121767029
, 
], 
[
0.00121325138
, 
0.121325143
, 
], 
[
0.00121954281
, 
0.121954292
, 
], 
[
0.00122720958
, 
0.122720942
, 
], 
[
0.00121177942
, 
0.121177942
, 
], 
[
0.00120627868
, 
0.120627873
, 
], 
], [[
0.00119702809
, 
0.119702809
, 
], 
[
0.0012091347
, 
0.120913468
, 
], 
[
0.00120865821
, 
0.120865822
, 
], 
[
0.00120691757
, 
0.120691746
, 
], 
[
0.00119812088
, 
0.119812086
, 
], 
[
0.0011911795
, 
0.11911796
, 
], 
[
0.00120490952
, 
0.120490961
, 
], 
[
0.00118426699
, 
0.118426703
, 
], 
[
0.00120028527
, 
0.12002854
, 
], 
[
0.00118536933
, 
0.118536919
, 
], 
[
0.00119117624
, 
0.11911764
, 
], 
[
0.00121133158
, 
0.121133141
, 
], 
[
0.00119367207
, 
0.11936722
, 
], 
[
0.00118775119
, 
0.118775122
, 
], 
[
0.00119005516
, 
0.119005516
, 
], 
[
0.00119313295
, 
0.119313292
, 
], 
[
0.00118672464
, 
0.11867246
, 
], 
[
0.00119304785
, 
0.119304776
, 
], 
[
0.00120458752
, 
0.120458737
, 
], 
[
0.00119234819
, 
0.119234823
, 
], 
[
0.00118683313
, 
0.118683323
, 
], 
[
0.00117704936
, 
0.117704958
, 
], 
[
0.0011770064
, 
0.117700644
, 
], 
[
0.00115547958
, 
0.115547955
, 
], 
[
0.00118234148
, 
0.118234143
, 
], 
[
0.00117121532
, 
0.117121525
, 
], 
[
0.00117743353
, 
0.117743351
, 
], 
[
0.00117744866
, 
0.117744878
, 
], 
[
0.00117144187
, 
0.117144205
, 
], 
[
0.00116526056
, 
0.116526045
, 
], 
[
0.00117955834
, 
0.117955849
, 
], 
[
0.00116601831
, 
0.116601832
, 
], 
[
0.00115277711
, 
0.115277708
, 
], 
[
0.00115380331
, 
0.115380332
, 
], 
[
0.00114162138
, 
0.114162132
, 
], 
[
0.00117159868
, 
0.117159858
, 
], 
[
0.00115085614
, 
0.115085617
, 
], 
[
0.00116116041
, 
0.116116032
, 
], 
[
0.0011552478
, 
0.115524791
, 
], 
[
0.00114550767
, 
0.114550769
, 
], 
[
0.00115479378
, 
0.115479372
, 
], 
[
0.00114434899
, 
0.114434905
, 
], 
[
0.00114545436
, 
0.114545457
, 
], 
[
0.00114893646
, 
0.11489363
, 
], 
[
0.00115072541
, 
0.115072541
, 
], 
[
0.0011540557
, 
0.115405567
, 
], 
[
0.00115717831
, 
0.115717821
, 
], 
[
0.00114558323
, 
0.114558309
, 
], 
[
0.00112831278
, 
0.112831287
, 
], 
[
0.00114388985
, 
0.114388995
, 
], 
[
0.00115558482
, 
0.115558475
, 
], 
[
0.00114885368
, 
0.114885382
, 
], 
[
0.00114867464
, 
0.114867479
, 
], 
[
0.00114768802
, 
0.114768796
, 
], 
[
0.00113326882
, 
0.1133269
, 
], 
[
0.00114741421
, 
0.11474143
, 
], 
[
0.00113879773
, 
0.11387977
, 
], 
[
0.00114054384
, 
0.114054389
, 
], 
[
0.00114363409
, 
0.11436341
, 
], 
[
0.00113106577
, 
0.113106586
, 
], 
[
0.00113447965
, 
0.113447972
, 
], 
[
0.00113975152
, 
0.113975167
, 
], 
[
0.00115008315
, 
0.115008317
, 
], 
[
0.00112345
, 
0.112344995
, 
], 
[
0.00113681681
, 
0.113681674
, 
], 
[
0.00113731017
, 
0.113731027
, 
], 
[
0.0011287299
, 
0.112872981
, 
], 
[
0.00113633345
, 
0.113633335
, 
], 
[
0.00111804449
, 
0.111804456
, 
], 
[
0.00114823738
, 
0.114823744
, 
], 
[
0.00113865989
, 
0.113865986
, 
], 
[
0.00113716896
, 
0.1137169
, 
], 
[
0.00114731921
, 
0.114731923
, 
], 
[
0.00112483813
, 
0.112483822
, 
], 
[
0.00114623085
, 
0.11462307
, 
], 
[
0.00113444205
, 
0.113444231
, 
], 
[
0.0011274385
, 
0.112743847
, 
], 
[
0.00112293439
, 
0.112293459
, 
], 
[
0.00114211277
, 
0.114211284
, 
], 
[
0.00114176539
, 
0.114176542
, 
], 
[
0.00113348186
, 
0.113348186
, 
], 
[
0.00113473169
, 
0.113473192
, 
], 
[
0.00111895322
, 
0.11189533
, 
], 
[
0.00113863975
, 
0.113863975
, 
], 
[
0.00113644719
, 
0.113644727
, 
], 
[
0.0011261506
, 
0.112615041
, 
], 
[
0.00112456374
, 
0.112456374
, 
], 
[
0.00113017124
, 
0.113017134
, 
], 
[
0.00113186846
, 
0.113186844
, 
], 
[
0.00113326218
, 
0.113326214
, 
], 
[
0.00114089379
, 
0.114089385
, 
], 
[
0.00113338092
, 
0.113338083
, 
], 
[
0.00113666698
, 
0.113666691
, 
], 
[
0.00114166667
, 
0.114166684
, 
], 
[
0.00114372361
, 
0.114372358
, 
], 
[
0.0011371437
, 
0.113714382
, 
], 
[
0.00114081218
, 
0.114081196
, 
], 
[
0.00112171809
, 
0.112171814
, 
], 
[
0.0011431555
, 
0.114315547
, 
], 
[
0.00111935905
, 
0.111935899
, 
], 
], [[
0.00113034295
, 
0.113034286
, 
], 
[
0.00114066852
, 
0.114066847
, 
], 
[
0.0011356466
, 
0.113564685
, 
], 
[
0.00112963305
, 
0.112963304
, 
], 
[
0.00113784778
, 
0.113784783
, 
], 
[
0.00114978664
, 
0.114978649
, 
], 
[
0.00113374449
, 
0.113374472
, 
], 
[
0.00114792376
, 
0.114792377
, 
], 
[
0.00114854018
, 
0.114854023
, 
], 
[
0.00115606096
, 
0.115606107
, 
], 
[
0.00115456886
, 
0.115456909
, 
], 
[
0.00114509976
, 
0.114509992
, 
], 
[
0.0011448689
, 
0.114486896
, 
], 
[
0.00115875038
, 
0.115875043
, 
], 
[
0.00115626701
, 
0.115626723
, 
], 
[
0.00115932373
, 
0.11593236
, 
], 
[
0.00117809861
, 
0.117809862
, 
], 
[
0.00115619879
, 
0.115619868
, 
], 
[
0.00116035924
, 
0.116035931
, 
], 
[
0.00116553181
, 
0.116553172
, 
], 
[
0.00115522684
, 
0.115522698
, 
], 
[
0.00117276318
, 
0.117276311
, 
], 
[
0.00114631699
, 
0.114631698
, 
], 
[
0.00116462552
, 
0.116462559
, 
], 
[
0.00116894674
, 
0.116894677
, 
], 
[
0.00117378554
, 
0.117378548
, 
], 
[
0.0011735271
, 
0.117352732
, 
], 
[
0.00117244094
, 
0.117244072
, 
], 
[
0.00115911663
, 
0.115911685
, 
], 
[
0.00118573254
, 
0.118573248
, 
], 
[
0.00118630938
, 
0.118630961
, 
], 
[
0.00119597989
, 
0.119597979
, 
], 
[
0.001219925
, 
0.121992491
, 
], 
[
0.00119390397
, 
0.119390413
, 
], 
[
0.00119231862
, 
0.119231857
, 
], 
[
0.00119917153
, 
0.119917184
, 
], 
[
0.00118676038
, 
0.118676051
, 
], 
[
0.00122174772
, 
0.122174747
, 
], 
[
0.00121614814
, 
0.121614806
, 
], 
[
0.00122426311
, 
0.122426331
, 
], 
[
0.00122190709
, 
0.122190706
, 
], 
[
0.00122238987
, 
0.122238986
, 
], 
[
0.00123073859
, 
0.123073868
, 
], 
[
0.0012310351
, 
0.123103514
, 
], 
[
0.00122813729
, 
0.122813731
, 
], 
[
0.00126150355
, 
0.126150355
, 
], 
[
0.00124641974
, 
0.124641977
, 
], 
[
0.00125978701
, 
0.125978693
, 
], 
[
0.00127903186
, 
0.127903193
, 
], 
[
0.00126054091
, 
0.126054078
, 
], 
[
0.00127176603
, 
0.127176598
, 
], 
[
0.00130129955
, 
0.130129963
, 
], 
[
0.00130151096
, 
0.130151093
, 
], 
[
0.0012900373
, 
0.129003733
, 
], 
[
0.00130735768
, 
0.13073577
, 
], 
[
0.00133329059
, 
0.133329064
, 
], 
[
0.00137693842
, 
0.137693867
, 
], 
[
0.00137203478
, 
0.137203485
, 
], 
[
0.00136682356
, 
0.136682346
, 
], 
[
0.00136307778
, 
0.136307761
, 
], 
[
0.00138215744
, 
0.13821578
, 
], 
[
0.00140962726
, 
0.14096272
, 
], 
[
0.00142529875
, 
0.142529875
, 
], 
[
0.00144155696
, 
0.144155711
, 
], 
[
0.00146785355
, 
0.146785349
, 
], 
[
0.00149722444
, 
0.149722442
, 
], 
[
0.00152291812
, 
0.152291819
, 
], 
[
0.00151460397
, 
0.151460424
, 
], 
[
0.0015755099
, 
0.157550991
, 
], 
[
0.0015631119
, 
0.156311214
, 
], 
[
0.00159130094
, 
0.159130096
, 
], 
[
0.00169184455
, 
0.169184491
, 
], 
[
0.001711071
, 
0.171107143
, 
], 
[
0.00173746364
, 
0.173746377
, 
], 
[
0.00179102691
, 
0.179102659
, 
], 
[
0.00182811404
, 
0.182811394
, 
], 
[
0.00190269621
, 
0.190269619
, 
], 
[
0.00196444942
, 
0.196444914
, 
], 
[
0.0019854072
, 
0.198540732
, 
], 
[
0.00198774529
, 
0.198774561
, 
], 
[
0.00208309689
, 
0.208309725
, 
], 
[
0.00207219529
, 
0.207219526
, 
], 
[
0.00219897623
, 
0.219897658
, 
], 
[
0.00226272945
, 
0.226272956
, 
], 
[
0.00227892678
, 
0.227892667
, 
], 
[
0.00230631791
, 
0.230631799
, 
], 
[
0.00238401489
, 
0.238401532
, 
], 
[
0.00234004599
, 
0.234004632
, 
], 
[
0.00239898684
, 
0.239898667
, 
], 
[
0.0024185502
, 
0.241855
, 
], 
[
0.00244150544
, 
0.244150549
, 
], 
[
0.00239459076
, 
0.239459068
, 
], 
[
0.00242489297
, 
0.242489308
, 
], 
[
0.00247277645
, 
0.247277677
, 
], 
[
0.00244591013
, 
0.244591027
, 
], 
[
0.00249383226
, 
0.249383226
, 
], 
[
0.00252515939
, 
0.252515942
, 
], 
[
0.00251556537
, 
0.251556545
, 
], 
[
0.00257655978
, 
0.257656
, 
], 
[
0.00252355286
, 
0.252355248
, 
], 
], [[
0.00255693775
, 
0.255693793
, 
], 
[
0.00257916586
, 
0.25791657
, 
], 
[
0.00255511887
, 
0.25551185
, 
], 
[
0.00251694233
, 
0.251694232
, 
], 
[
0.00259061181
, 
0.259061128
, 
], 
[
0.00256620115
, 
0.256620139
, 
], 
[
0.00255534914
, 
0.255534917
, 
], 
[
0.0025637236
, 
0.256372392
, 
], 
[
0.00259359088
, 
0.259359121
, 
], 
[
0.00255761598
, 
0.255761623
, 
], 
[
0.00259859418
, 
0.259859413
, 
], 
[
0.00264226599
, 
0.264226586
, 
], 
[
0.00264404388
, 
0.264404356
, 
], 
[
0.00263313274
, 
0.263313264
, 
], 
[
0.00264639244
, 
0.264639199
, 
], 
[
0.00263795257
, 
0.263795286
, 
], 
[
0.00265396619
, 
0.265396655
, 
], 
[
0.00270046154
, 
0.270046175
, 
], 
[
0.00269421982
, 
0.269422024
, 
], 
[
0.00270721014
, 
0.270721
, 
], 
[
0.00269476324
, 
0.269476295
, 
], 
[
0.00273213768
, 
0.273213774
, 
], 
[
0.00266784
, 
0.266783983
, 
], 
[
0.00269847061
, 
0.269847065
, 
], 
[
0.00272728922
, 
0.27272898
, 
], 
[
0.00275109662
, 
0.275109649
, 
], 
[
0.00276473654
, 
0.276473641
, 
], 
[
0.00276936637
, 
0.276936591
, 
], 
[
0.00278922124
, 
0.278922141
, 
], 
[
0.00278948
, 
0.278948
, 
], 
[
0.00274277432
, 
0.274277449
, 
], 
[
0.00280716387
, 
0.280716419
, 
], 
[
0.00279255887
, 
0.279255897
, 
], 
[
0.00285449531
, 
0.285449505
, 
], 
[
0.00283810543
, 
0.283810556
, 
], 
[
0.00280372775
, 
0.280372769
, 
], 
[
0.00281420141
, 
0.281420171
, 
], 
[
0.00283135241
, 
0.283135206
, 
], 
[
0.00288264081
, 
0.288264155
, 
], 
[
0.00287032779
, 
0.287032813
, 
], 
[
0.00285607274
, 
0.285607189
, 
], 
[
0.00286998181
, 
0.286998153
, 
], 
[
0.00285111344
, 
0.285111368
, 
], 
[
0.00287820678
, 
0.287820667
, 
], 
[
0.00288152439
, 
0.288152456
, 
], 
[
0.00288269226
, 
0.288269252
, 
], 
[
0.00297445757
, 
0.297445774
, 
], 
[
0.00294542592
, 
0.294542581
, 
], 
[
0.00287420792
, 
0.287420809
, 
], 
[
0.00290827
, 
0.290827
, 
], 
[
0.0028813933
, 
0.288139373
, 
], 
[
0.00294494163
, 
0.294494152
, 
], 
[
0.00291294954
, 
0.291295
, 
], 
[
0.00291340938
, 
0.291340917
, 
], 
[
0.00296762376
, 
0.296762377
, 
], 
[
0.00293807755
, 
0.293807715
, 
], 
[
0.00299086329
, 
0.299086362
, 
], 
[
0.00298717176
, 
0.298717171
, 
], 
[
0.00294155045
, 
0.294155031
, 
], 
[
0.00299259438
, 
0.299259454
, 
], 
[
0.00294296443
, 
0.294296443
, 
], 
[
0.00297224103
, 
0.297224075
, 
], 
[
0.00297683012
, 
0.297683
, 
], 
[
0.00296447333
, 
0.296447337
, 
], 
[
0.00297656562
, 
0.297656566
, 
], 
[
0.00297721429
, 
0.297721416
, 
], 
[
0.00302255317
, 
0.302255362
, 
], 
[
0.00296719302
, 
0.296719313
, 
], 
[
0.00301495753
, 
0.301495761
, 
], 
[
0.00294067105
, 
0.294067115
, 
], 
[
0.00297097932
, 
0.297097951
, 
], 
[
0.00304294
, 
0.30429402
, 
], 
[
0.00301986164
, 
0.301986217
, 
], 
[
0.00301473797
, 
0.301473796
, 
], 
[
0.00300858612
, 
0.300858587
, 
], 
[
0.00305040251
, 
0.30504021
, 
], 
[
0.00307837664
, 
0.307837665
, 
], 
[
0.00303588226
, 
0.303588241
, 
], 
[
0.0030333132
, 
0.303331316
, 
], 
[
0.00304053375
, 
0.304053366
, 
], 
[
0.00299300835
, 
0.299300849
, 
], 
[
0.00301730935
, 
0.301730871
, 
], 
[
0.0030106518
, 
0.301065177
, 
], 
[
0.00302107446
, 
0.302107424
, 
], 
[
0.00297164381
, 
0.29716441
, 
], 
[
0.00308703724
, 
0.30870375
, 
], 
[
0.00304392795
, 
0.304392785
, 
], 
[
0.00302621699
, 
0.302621722
, 
], 
[
0.00297797122
, 
0.297797143
, 
], 
[
0.0030460225
, 
0.304602295
, 
], 
[
0.00300245057
, 
0.300245017
, 
], 
[
0.00305913528
, 
0.305913568
, 
], 
[
0.00299362093
, 
0.299362093
, 
], 
[
0.00304344
, 
0.304344
, 
], 
[
0.0030604885
, 
0.30604887
, 
], 
[
0.00309564988
, 
0.309565037
, 
], 
[
0.00310313376
, 
0.310313404
, 
], 
[
0.00308395433
, 
0.308395445
, 
], 
[
0.00311157573
, 
0.311157584
, 
], 
[
0.0030628969
, 
0.306289732
, 
], 
], [[
0.00303438958
, 
0.303438932
, 
], 
[
0.0030385789
, 
0.303857923
, 
], 
[
0.0030254696
, 
0.302546978
, 
], 
[
0.0030454779
, 
0.304547757
, 
], 
[
0.00305014406
, 
0.305014402
, 
], 
[
0.00301414169
, 
0.301414192
, 
], 
[
0.00302814459
, 
0.302814484
, 
], 
[
0.00303918868
, 
0.303918928
, 
], 
[
0.00302910572
, 
0.302910596
, 
], 
[
0.00302440324
, 
0.302440315
, 
], 
[
0.00305728684
, 
0.305728674
, 
], 
[
0.00306595303
, 
0.306595266
, 
], 
[
0.00304815685
, 
0.30481571
, 
], 
[
0.00303398166
, 
0.303398162
, 
], 
[
0.00306081469
, 
0.306081474
, 
], 
[
0.003040059
, 
0.304005921
, 
], 
[
0.00301929098
, 
0.301929086
, 
], 
[
0.00309433672
, 
0.309433639
, 
], 
[
0.00308155362
, 
0.308155358
, 
], 
[
0.00309322495
, 
0.309322447
, 
], 
[
0.00303117838
, 
0.303117871
, 
], 
[
0.00309900241
, 
0.309900224
, 
], 
[
0.00304007344
, 
0.304007381
, 
], 
[
0.00303881
, 
0.303881
, 
], 
[
0.00303275604
, 
0.303275585
, 
], 
[
0.00311909732
, 
0.311909705
, 
], 
[
0.00308614969
, 
0.308614939
, 
], 
[
0.00295925396
, 
0.295925379
, 
], 
[
0.00305438065
, 
0.305438042
, 
], 
[
0.00305545912
, 
0.305545866
, 
], 
[
0.00304827956
, 
0.304827958
, 
], 
[
0.00306858378
, 
0.306858361
, 
], 
[
0.00301336078
, 
0.30133611
, 
], 
[
0.00311312149
, 
0.311312199
, 
], 
[
0.00303085707
, 
0.303085715
, 
], 
[
0.00306531461
, 
0.306531489
, 
], 
[
0.00296601
, 
0.296601057
, 
], 
[
0.00299643166
, 
0.299643248
, 
], 
[
0.00305811339
, 
0.305811316
, 
], 
[
0.00307643926
, 
0.30764392
, 
], 
[
0.00301892892
, 
0.301892847
, 
], 
[
0.00305445096
, 
0.305445135
, 
], 
[
0.00305082742
, 
0.305082768
, 
], 
[
0.00301142293
, 
0.301142305
, 
], 
[
0.0030470991
, 
0.304709882
, 
], 
[
0.00307839015
, 
0.307839
, 
], 
[
0.00299007236
, 
0.299007297
, 
], 
[
0.00306798657
, 
0.306798637
, 
], 
[
0.00295500341
, 
0.295500338
, 
], 
[
0.00297867903
, 
0.297867894
, 
], 
[
0.00296394597
, 
0.296394616
, 
], 
[
0.00298405765
, 
0.298405796
, 
], 
[
0.00301372283
, 
0.30137226
, 
], 
[
0.00295526953
, 
0.295526981
, 
], 
[
0.0029933739
, 
0.299337417
, 
], 
[
0.00298129115
, 
0.298129141
, 
], 
[
0.0030383449
, 
0.303834498
, 
], 
[
0.00294882781
, 
0.294882774
, 
], 
[
0.00292629818
, 
0.292629838
, 
], 
[
0.00295191887
, 
0.295191914
, 
], 
[
0.00296545518
, 
0.296545535
, 
], 
[
0.00296014128
, 
0.29601419
, 
], 
[
0.00289912266
, 
0.289912283
, 
], 
[
0.00292149023
, 
0.292148978
, 
], 
[
0.0029177086
, 
0.291770846
, 
], 
[
0.00289665884
, 
0.289665848
, 
], 
[
0.0029147889
, 
0.291478872
, 
], 
[
0.00297490112
, 
0.29749012
, 
], 
[
0.00290777464
, 
0.290777475
, 
], 
[
0.00291946298
, 
0.291946322
, 
], 
[
0.00291823153
, 
0.291823179
, 
], 
[
0.00292976457
, 
0.292976469
, 
], 
[
0.00296561164
, 
0.296561182
, 
], 
[
0.00290769804
, 
0.290769815
, 
], 
[
0.00286437292
, 
0.286437333
, 
], 
[
0.00288695609
, 
0.288695633
, 
], 
[
0.00293412805
, 
0.293412834
, 
], 
[
0.00291617331
, 
0.291617364
, 
], 
[
0.00285225897
, 
0.285225958
, 
], 
[
0.00288887601
, 
0.28888759
, 
], 
[
0.00286737806
, 
0.2867378
, 
], 
[
0.00287197134
, 
0.287197143
, 
], 
[
0.00290444796
, 
0.290444791
, 
], 
[
0.00283575617
, 
0.283575654
, 
], 
[
0.00281295087
, 
0.281295061
, 
], 
[
0.00283474429
, 
0.283474445
, 
], 
[
0.00281256298
, 
0.281256348
, 
], 
[
0.00286746304
, 
0.286746323
, 
], 
[
0.00283735665
, 
0.283735693
, 
], 
[
0.00287089986
, 
0.287089974
, 
], 
[
0.002859934
, 
0.285993367
, 
], 
[
0.00280674896
, 
0.280674875
, 
], 
[
0.00287354155
, 
0.287354141
, 
], 
[
0.0028058812
, 
0.28058812
, 
], 
[
0.00277510355
, 
0.277510345
, 
], 
[
0.00281624426
, 
0.281624436
, 
], 
[
0.00284387334
, 
0.28438732
, 
], 
[
0.00287444028
, 
0.287444
, 
], 
[
0.00280656479
, 
0.280656487
, 
], 
[
0.00281469314
, 
0.281469285
, 
], 
], [[
0.00280314893
, 
0.280314922
, 
], 
[
0.00284299324
, 
0.284299344
, 
], 
[
0.00284294458
, 
0.284294456
, 
], 
[
0.00272307149
, 
0.272307158
, 
], 
[
0.00282885856
, 
0.282885849
, 
], 
[
0.00277274987
, 
0.277275
, 
], 
[
0.00276612397
, 
0.276612401
, 
], 
[
0.00275246683
, 
0.27524668
, 
], 
[
0.00273800571
, 
0.273800582
, 
], 
[
0.00273455749
, 
0.273455739
, 
], 
[
0.00272680167
, 
0.272680193
, 
], 
[
0.00275284774
, 
0.275284767
, 
], 
[
0.00272279768
, 
0.272279739
, 
], 
[
0.00277328212
, 
0.277328193
, 
], 
[
0.002687942
, 
0.268794239
, 
], 
[
0.00269890809
, 
0.269890785
, 
], 
[
0.00269432762
, 
0.269432753
, 
], 
[
0.00277490402
, 
0.277490437
, 
], 
[
0.00270181033
, 
0.27018106
, 
], 
[
0.00274925167
, 
0.274925202
, 
], 
[
0.00272330665
, 
0.272330672
, 
], 
[
0.00266108289
, 
0.266108334
, 
], 
[
0.00274084043
, 
0.274084032
, 
], 
[
0.00268455874
, 
0.268455893
, 
], 
[
0.00265378179
, 
0.265378207
, 
], 
[
0.00267827441
, 
0.267827421
, 
], 
[
0.00271804887
, 
0.271804869
, 
], 
[
0.00271748984
, 
0.27174896
, 
], 
[
0.00269811857
, 
0.269811869
, 
], 
[
0.00267281337
, 
0.267281383
, 
], 
[
0.00270548975
, 
0.27054897
, 
], 
[
0.00271027721
, 
0.271027774
, 
], 
[
0.00270452304
, 
0.270452321
, 
], 
[
0.00265962072
, 
0.265962094
, 
], 
[
0.00262986193
, 
0.262986183
, 
], 
[
0.00267219171
, 
0.267219126
, 
], 
[
0.00264473306
, 
0.264473349
, 
], 
[
0.0026292752
, 
0.262927562
, 
], 
[
0.00264589232
, 
0.26458931
, 
], 
[
0.00259402115
, 
0.259402126
, 
], 
[
0.00269023678
, 
0.269023716
, 
], 
[
0.00261699944
, 
0.261699945
, 
], 
[
0.00264555239
, 
0.264555275
, 
], 
[
0.00263071572
, 
0.263071567
, 
], 
[
0.00261861831
, 
0.261861801
, 
], 
[
0.00265503046
, 
0.265503049
, 
], 
[
0.00261198799
, 
0.261198789
, 
], 
[
0.00262690266
, 
0.262690276
, 
], 
[
0.00258887024
, 
0.258887053
, 
], 
[
0.00261710607
, 
0.261710614
, 
], 
[
0.00264491513
, 
0.264491528
, 
], 
[
0.00265884143
, 
0.265884131
, 
], 
[
0.0026704208
, 
0.267042041
, 
], 
[
0.00263066962
, 
0.263067
, 
], 
[
0.00264637615
, 
0.264637619
, 
], 
[
0.00255561946
, 
0.255561948
, 
], 
[
0.00262276898
, 
0.262276888
, 
], 
[
0.00265125628
, 
0.265125662
, 
], 
[
0.00259918952
, 
0.259918928
, 
], 
[
0.00255543576
, 
0.255543619
, 
], 
[
0.002597393
, 
0.259739339
, 
], 
[
0.00258612772
, 
0.258612812
, 
], 
[
0.00258003059
, 
0.258003086
, 
], 
[
0.00263153808
, 
0.263153821
, 
], 
[
0.00252875662
, 
0.252875656
, 
], 
[
0.00263093505
, 
0.263093501
, 
], 
[
0.00256175641
, 
0.256175637
, 
], 
[
0.00262710033
, 
0.262710035
, 
], 
[
0.00256333943
, 
0.256333977
, 
], 
[
0.00249864068
, 
0.249864072
, 
], 
[
0.0025579161
, 
0.255791634
, 
], 
[
0.00253489241
, 
0.253489226
, 
], 
[
0.00250188611
, 
0.250188679
, 
], 
[
0.00254667201
, 
0.254667193
, 
], 
[
0.00248425687
, 
0.248425677
, 
], 
[
0.00252651284
, 
0.252651274
, 
], 
[
0.00258634309
, 
0.258634329
, 
], 
[
0.00254062284
, 
0.254062295
, 
], 
[
0.00249303528
, 
0.24930352
, 
], 
[
0.00250891293
, 
0.250891298
, 
], 
[
0.00253437716
, 
0.253437698
, 
], 
[
0.00257983664
, 
0.257983685
, 
], 
[
0.00247904425
, 
0.24790442
, 
], 
[
0.00258477
, 
0.258477032
, 
], 
[
0.00250735739
, 
0.25073573
, 
], 
[
0.00254645175
, 
0.254645139
, 
], 
[
0.00250607845
, 
0.250607848
, 
], 
[
0.00255542877
, 
0.255542845
, 
], 
[
0.00249726581
, 
0.249726579
, 
], 
[
0.00247048261
, 
0.247048318
, 
], 
[
0.00251950114
, 
0.251950115
, 
], 
[
0.00249296729
, 
0.24929671
, 
], 
[
0.0024548471
, 
0.245484725
, 
], 
[
0.00253026816
, 
0.253026813
, 
], 
[
0.00251005194
, 
0.251005173
, 
], 
[
0.00250760908
, 
0.250760913
, 
], 
[
0.00254234858
, 
0.25423485
, 
], 
[
0.00247470057
, 
0.247470051
, 
], 
[
0.00248573441
, 
0.248573422
, 
], 
[
0.00249818689
, 
0.249818712
, 
], 
], [[
0.00255210581
, 
0.255210638
, 
], 
[
0.00250464212
, 
0.250464261
, 
], 
[
0.00245187967
, 
0.245187968
, 
], 
[
0.00241905125
, 
0.241905138
, 
], 
[
0.00249764067
, 
0.249764115
, 
], 
[
0.00245023915
, 
0.245023951
, 
], 
[
0.00247315876
, 
0.247315869
, 
], 
[
0.00248073228
, 
0.24807322
, 
], 
[
0.00244912389
, 
0.244912386
, 
], 
[
0.00241066213
, 
0.241066217
, 
], 
[
0.00242391229
, 
0.242391244
, 
], 
[
0.00243662787
, 
0.243662804
, 
], 
[
0.00245896541
, 
0.245896503
, 
], 
[
0.00238711946
, 
0.238711923
, 
], 
[
0.00242789532
, 
0.242789522
, 
], 
[
0.00245550578
, 
0.245550558
, 
], 
[
0.00244447612
, 
0.244447619
, 
], 
[
0.00239328924
, 
0.239328906
, 
], 
[
0.00236504362
, 
0.236504376
, 
], 
[
0.00241394225
, 
0.241394252
, 
], 
[
0.00246982602
, 
0.246982604
, 
], 
[
0.00246584415
, 
0.246584371
, 
], 
[
0.0024229663
, 
0.242296636
, 
], 
[
0.00246303552
, 
0.246303558
, 
], 
[
0.00240908447
, 
0.240908489
, 
], 
[
0.00242083822
, 
0.242083833
, 
], 
[
0.00237156171
, 
0.237156153
, 
], 
[
0.00239866017
, 
0.239866033
, 
], 
[
0.00236518891
, 
0.23651889
, 
], 
[
0.002458937
, 
0.245893702
, 
], 
[
0.00239567808
, 
0.239567786
, 
], 
[
0.00241547613
, 
0.241547644
, 
], 
[
0.00240843883
, 
0.240843877
, 
], 
[
0.00236156792
, 
0.236156791
, 
], 
[
0.00241607171
, 
0.241607189
, 
], 
[
0.00236065499
, 
0.236065507
, 
], 
[
0.00237955688
, 
0.23795566
, 
], 
[
0.00236794725
, 
0.23679471
, 
], 
[
0.00237406092
, 
0.237406105
, 
], 
[
0.00244900375
, 
0.244900391
, 
], 
[
0.00242020679
, 
0.242020652
, 
], 
[
0.00236534444
, 
0.236534476
, 
], 
[
0.00242239819
, 
0.242239848
, 
], 
[
0.00237357337
, 
0.237357378
, 
], 
[
0.00234213937
, 
0.234213978
, 
], 
[
0.00233083963
, 
0.233083963
, 
], 
[
0.00233379216
, 
0.233379185
, 
], 
[
0.00232419395
, 
0.232419387
, 
], 
[
0.00233773771
, 
0.233773768
, 
], 
[
0.00238248403
, 
0.238248408
, 
], 
[
0.00239752722
, 
0.239752769
, 
], 
[
0.00238132314
, 
0.238132343
, 
], 
[
0.00237612403
, 
0.237612411
, 
], 
[
0.00238743727
, 
0.238743752
, 
], 
[
0.00233920314
, 
0.233920351
, 
], 
[
0.00236162287
, 
0.23616229
, 
], 
[
0.00228317128
, 
0.228317142
, 
], 
[
0.00237482623
, 
0.237482592
, 
], 
[
0.00236617238
, 
0.236617237
, 
], 
[
0.0023734
, 
0.237340018
, 
], 
[
0.00238828245
, 
0.238828287
, 
], 
[
0.00237858179
, 
0.237858176
, 
], 
[
0.00230931537
, 
0.230931535
, 
], 
[
0.00234120572
, 
0.234120622
, 
], 
[
0.00235243328
, 
0.23524335
, 
], 
[
0.00236345478
, 
0.23634547
, 
], 
[
0.00237158965
, 
0.237158984
, 
], 
[
0.00232065562
, 
0.232065544
, 
], 
[
0.00230325549
, 
0.230325595
, 
], 
[
0.00233353558
, 
0.23335357
, 
], 
[
0.00235511386
, 
0.235511392
, 
], 
[
0.00232814555
, 
0.23281458
, 
], 
[
0.00231995014
, 
0.231995031
, 
], 
[
0.00234097824
, 
0.234097824
, 
], 
[
0.00236249669
, 
0.23624967
, 
], 
[
0.00233334862
, 
0.233334899
, 
], 
[
0.00230086665
, 
0.230086654
, 
], 
[
0.00227840757
, 
0.227840751
, 
], 
[
0.0023449352
, 
0.234493524
, 
], 
[
0.00231683068
, 
0.231683075
, 
], 
[
0.00227637659
, 
0.227637649
, 
], 
[
0.00232166471
, 
0.232166499
, 
], 
[
0.00234159
, 
0.234159
, 
], 
[
0.00231009093
, 
0.231009111
, 
], 
[
0.00230887928
, 
0.23088792
, 
], 
[
0.0022669246
, 
0.226692438
, 
], 
[
0.00226294668
, 
0.226294696
, 
], 
[
0.00231938763
, 
0.231938779
, 
], 
[
0.0023052
, 
0.23052004
, 
], 
[
0.00224141777
, 
0.224141762
, 
], 
[
0.00231001084
, 
0.231001064
, 
], 
[
0.00229188683
, 
0.22918871
, 
], 
[
0.00222955341
, 
0.222955346
, 
], 
[
0.00228244229
, 
0.22824426
, 
], 
[
0.00222511543
, 
0.222511545
, 
], 
[
0.00217193807
, 
0.217193812
, 
], 
[
0.00222828891
, 
0.22282888
, 
], 
[
0.00227364339
, 
0.227364331
, 
], 
[
0.00223302725
, 
0.223302692
, 
], 
[
0.00226648501
, 
0.22664851
, 
], 
], ]